 -9 -97
 -32 57
 -46 22
 11 1
 -21 92
 2 -106
 -5 -50
 12 3
 -18 -90
 33 101
 -42 68
 -16 -71
 4 -48
 -22 -82
 -15 -89
 16 -104
 -26 10
 67 -50
 -47 22
 -11 6
 47 98
 -3 -59
 23 101
 -44 68
 -19 4
 -6 -72
 -32 70
 34 104
 -16 -82
 -12 -81
 -35 53
 -8 -59
 -21 9
 -52 35
 13 -50
 -4 -48
 29 -100
 -6 -96
 -24 73
 67 90
 -24 90
 -53 36
 -22 89
 -45 68
 -42 33
 -40 39
 -19 92
 -41 47
 -7 -54
 -49 65
 -54 36
 -43 65
 -15 -79
 -12 -84
 -38 39
 -21 95
 15 4
 8 -47
 -7 -58
 24 -43
 0 -107
 33 102
 -42 35
 19 -45
 69 -52
 -1 100
 -27 50
 -47 61
 -36 58
 18 -106
 -56 26
 -39 46
 -38 81
 -25 51
 58 97
 -28 8
 -7 -62
 -3 -48
 28 102
 -38 40
 -36 44
 -35 43
 -54 23
 -11 -72
 -8 94
 -26 -81
 -44 43
 77 58
 -23 -78
 32 -100
 -20 -82
 7 1
 -36 67
 -4 -99
 -40 86
 -9 -52
 -35 83
 -37 41
 10 -107
 -38 85
 -54 22
 -51 24
 39 -44
 -39 66
 -10 -84
 34 -39
 32 99
 -12 -67
 -39 81
 -25 10
 -38 53
 -34 17
 -28 92
 17 -106
 -13 94
 -27 89
 -39 47
 -27 7
 22 -106
 -51 35
 -43 86
 -57 30
 -40 85
 46 98
 20 -46
 -29 74
 -43 62
 -37 47
 41 -43
 -14 -67
 -3 -66
 32 -42
 -3 94
 -6 -98
 -46 43
 69 47
 6 -46
 -47 42
 -9 -61
 -15 -71
 -3 -54
 32 104
 -41 81
 21 99
 -14 -73
 -18 -91
 4 -105
 27 -44
 75 47
 -1 -100
 21 -109
 -38 60
 -23 -72
 31 102
 35 -42
 7 53
 -18 8
 -15 4
 -30 57
 -34 51
 -21 90
 -20 54
 -36 46
 -5 -53
 9 3
 34 -42
 -16 52
 3 -47
 -27 52
 76 46
 11 3
 -23 -73
 63 -49
 -36 80
 -42 34
 -33 81
 78 58
 -2 -104
 -57 33
 -33 48
 -31 55
 -14 95
 23 -108
 -34 58
 -54 33
 -27 92
 -49 26
 -46 67
 37 -41
 -39 76
 -1 -59
 1 96
 -20 -80
 20 -107
 7 4
 -4 -102
 44 -48
 -8 -61
 -25 7
 35 -40
 -14 -69
 -2 -49
 -11 -92
 -16 13
 -48 42
 -25 15
 -4 -63
 -24 -81
 -32 17
 8 0
 -22 92
 -29 58
 -13 -67
 -20 8
 43 95
 -1 -107
 65 -48
 -35 76
 -33 47
 12 102
 -41 49
 -6 52
 41 -45
 41 -44
 -39 68
 -26 55
 -37 75
 -10 95
 -39 60
 26 -43
 3 -107
 -33 86
 0 -63
 -44 35
 -37 85
 -31 16
 -28 89
 -26 14
 -24 8
 19 -46
 -1 -105
 -22 -89
 33 103
 -14 93
 -31 87
 -36 47
 -32 62
 -16 -80
 -19 -79
 -27 75
 -19 -75
 -17 -70
 -42 59
 22 100
 38 -40
 32 -101
 -21 -78
 -28 54
 -35 87
 -10 -65
 14 -44
 4 -52
 -29 53
 4 -45
 -51 22
 -51 31
 -5 -54
 -9 -98
 -12 5
 -28 57
 -25 91
 4 3
 -37 68
 -7 -102
 -47 66
 -45 48
 -40 65
 -8 -106
 -5 -97
 -30 75
 7 -107
 -40 69
 -14 13
 -22 8
 56 98
 -46 62
 41 99
 -30 50
 -18 -82
 -3 -106
 -39 42
 33 -43
 3 -45
 66 -50
 -34 78
 -51 33
 34 103
 -24 11
 -24 7
 -29 89
 4 -49
 -14 12
 -10 -98
 -41 66
 -48 61
 -38 35
 -34 67
 13 102
 18 -107
 -22 -80
 -41 67
 -26 60
 -7 -61
 -40 68
 -5 -68
 -46 42
 -29 70
 -9 -71
 -30 77
 -1 -61
 -31 52
 36 102
 -20 -73
 -14 -82
 12 -49
 -45 42
 -49 35
 -43 34
 -32 53
 -16 -70
 70 47
 -39 67
 31 -39
 -36 85
 -5 -106
 -24 59
 -3 -108
 -31 50
 -48 31
 9 100
 -37 87
 -18 5
 -7 -65
 4 -60
 0 -51
 -16 -67
 55 97
 -30 47
 -41 35
 -6 -99
 -4 -54
 -20 9
 -4 -49
 -40 35
 -44 66
 8 1
 -49 64
 -21 8
 -1 -63
 -16 -66
 45 96
 -17 -73
 -6 -62
 -3 -99
 20 -52
 -24 -88
 15 99
 6 -48
 -31 51
 -10 -70
 45 -44
 -5 -58
 8 -108
 -39 36
 10 2
 -31 72
 -44 60
 -17 -89
 -25 -72
 9 6
 -43 48
 -17 -79
 -21 -88
 -37 72
 72 47
 -37 40
 -31 56
 -32 86
 -27 18
 -38 45
 -45 41
 -1 -106
 50 99
 54 98
 -18 93
 -6 -53
 -18 9
 -42 67
 -54 25
 1 -63
 77 61
 28 -38
 -42 47
 -59 34
 -29 51
 -41 46
 -35 75
 38 102
 -21 4
 -18 -73
 -26 66
 -15 94
 -35 79
 -10 -74
 65 92
 10 -106
 63 94
 -28 18
 33 -39
 24 -45
 -53 24
 -41 68
 16 -44
 -45 61
 -36 40
 -12 -92
 -8 95
 -38 66
 10 102
 -50 65
 -21 -82
 -27 55
 -54 27
 -17 95
 14 -46
 -52 21
 -7 -51
 73 46
 -4 -50
 -16 5
 -9 94
 13 100
 -29 72
 -19 -82
 -36 17
 22 -45
 48 -44
 -37 76
 -41 42
 70 46
 -47 64
 12 2
 -30 54
 26 101
 -30 46
 23 99
 -29 56
 -2 96
 -43 63
 -15 -80
 75 56
 -33 88
 -36 86
 -57 34
 21 100
 -38 59
 -39 41
 -14 4
 -25 73
 -31 53
 -29 54
 -35 18
 -8 -85
 -7 95
 -2 -98
 5 2
 -16 4
 23 -107
 11 103
 -17 77
 6 -108
 -34 85
 -38 32
 -22 -73
 -41 61
 -38 65
 -15 -82
 -45 63
 -29 78
 -38 58
 68 -50
 -28 87
 22 -46
 -20 7
 4 2
 37 103
 -14 11
 -41 64
 -40 66
 50 98
 -28 51
 32 102
 -10 -99
 66 91
 -2 -63
 -26 58
 27 -39
 47 -43
 52 98
 -6 -63
 -18 92
 -24 93
 30 -38
 -31 57
 9 1
 -55 25
 -14 -80
 -29 55
 -1 -102
 -6 -105
 -18 -81
 -39 35
 27 -43
 35 -39
 15 -106
 -20 6
 37 -40
 17 -104
 -56 36
 77 47
 1 -51
 14 -47
 -5 -69
 6 0
 -2 -60
 0 -103
 -33 53
 -30 76
 -33 52
 0 -108
 -20 89
 31 -100
 -12 -55
 -20 91
 -48 35
 12 99
 37 -42
 -34 86
 -44 67
 74 56
 41 98
 31 -42
 67 -49
 -57 32
 -40 59
 -30 78
 -33 85
 -35 77
 -40 84
 -31 43
 -2 -62
 18 -105
 -32 84
 -23 11
 -12 -72
 -6 54
 -27 74
 -8 -53
 -27 73
 -4 -51
 -33 15
 19 -54
 -32 47
 -1 95
 -11 -85
 -22 -86
 -25 93
 20 -53
 -34 66
 -28 9
 -13 -71
 -35 44
 29 -39
 -37 60
 -40 87
 43 96
 -18 -78
 -39 39
 -41 48
 72 46
 13 99
 -54 35
 18 -45
 36 -39
 75 46
 -55 32
 17 101
 -24 -73
 -19 -78
 -34 72
 75 53
 -40 67
 -39 59
 -1 -98
 -32 78
 -19 7
 -14 -72
 -31 82
 -24 15
 -10 -71
 -27 90
 -11 92
 -39 61
 -11 -60
 -4 -105
 0 -109
 -46 41
 -39 69
 -23 -80
 6 1
 -56 32
 -48 68
 -40 42
 -57 31
 -19 -70
 3 -52
 -47 41
 -5 52
 -21 -73
 28 -45
 -21 -86
 -38 86
 33 -42
 35 101
 14 4
 -17 -78
 -27 93
 -10 -59
 -38 68
 -51 34
 32 -39
 -32 79
 -19 94
 -35 81
 27 101
 -47 65
 68 90
 17 -105
 -8 -69
 -6 -64
 23 -45
 -4 -101
 -30 17
 -29 39
 23 -44
 -13 -92
 -50 35
 2 -64
 2 3
 -11 -67
 -43 47
 13 101
 0 -95
 -25 9
 -23 54
 9 -108
 -19 90
 8 -100
 -7 -69
 13 -51
 -54 31
 43 98
 -58 32
 -8 -54
 -19 5
 -33 57
 -38 47
 -36 84
 -50 32
 1 -104
 -10 -72
 -34 84
 42 -45
 -9 -60
 -23 13
 26 100
 28 -44
 30 -40
 -8 -52
 1 -49
 -16 -84
 13 3
 2 98
 36 103
 -42 84
 6 -47
 -34 81
 -36 79
 -42 41
 1 -107
 20 -104
 -42 63
 -22 10
 -40 76
 46 99
 -11 -68
 -40 46
 -4 -62
 -34 16
 -33 54
 19 -51
 -20 -91
 3 -51
 -53 31
 -41 65
 -36 68
 -40 34
 35 102
 -23 6
 -32 81
 16 102
 -51 27
 -43 67
 -54 34
 -16 93
 8 -48
 43 97
 2 -48
 56 96
 12 -106
 31 -40
 -31 47
 -29 57
 -53 26
 -30 55
 24 101
 -30 58
 32 -40
 -29 10
 -44 63
 16 101
 -23 -86
 -11 -97
 -8 -98
 -12 94
 54 96
 -9 95
 -41 59
 -14 10
 31 -101
 -13 -84
 -7 -64
 -20 -75
 0 -106
 -49 34
 -41 62
 -20 94
 -24 -86
 -28 75
 -26 50
 -42 76
 6 -45
 -1 -108
 -25 92
 12 -47
 -3 96
 -29 59
 1 -48
 -53 22
 -28 55
 16 100
 -9 -96
 -7 -91
 -10 -55
 16 -45
 -53 35
 -18 -79
 3 -46
 -41 34
 -53 27
 -33 51
 39 -40
 -27 15
 -18 91
 -41 41
 -23 9
 -32 50
 -32 85
 16 -46
 -7 -50
 -50 26
 -8 -64
 12 -107
 -37 66
 -34 80
 -35 86
 -1 -50
 -12 -83
 -10 -73
 -33 80
 21 -44
 -26 -80
 -37 86
 -13 -70
 -28 71
 19 -44
 -34 47
 -30 90
 46 96
 -20 -90
 -3 -100
 -37 61
 -42 60
 8 2
 48 97
 -44 42
 1 -102
 -42 70
 -56 23
 -7 -98
 -24 92
 -44 36
 -3 95
 -56 31
 -24 -82
 61 -50
 -38 34
 -2 -48
 -21 -79
 -37 79
 -34 70
 -13 6
 -35 48
 -26 92
 14 -106
 -9 -66
 -45 34
 11 -49
 -25 18
 1 100
 -34 49
 -14 -70
 -13 -82
 10 1
 -19 -69
 -21 -87
 -51 23
 -24 60
 -21 11
 -29 79
 -16 -78
 -43 61
 -16 11
 -37 44
 -30 14
 -41 70
 47 99
 47 -44
 -28 52
 -21 -81
 -24 -77
 -42 64
 -6 -106
 -27 81
 -35 72
 -25 90
 -37 45
 -7 -59
 -6 -54
 -36 78
 -16 -73
 0 -50
 71 47
 3 96
 -7 94
 62 -49
 65 94
 52 99
 1 -47
 -26 7
 -24 -78
 -7 -53
 14 3
 -39 79
 -26 90
 19 -52
 -2 -102
 23 -109
 17 -103
 -41 63
 -1 -49
 -28 76
 15 100
 -32 51
 -17 -71
 60 96
 -40 44
 -4 -106
 -10 -68
 42 99
 -5 -62
 -39 48
 19 -103
 -40 70
 -10 -53
 48 -43
 -30 48
 -9 -64
 -31 49
 -3 97
 -15 -77
 -37 80
 14 102
 -15 -72
 -9 -104
 -24 72
 2 -51
 11 2
 18 100
 6 4
 -30 9
 -29 90
 -8 -91
 4 1
 -1 -101
 -40 45
 -58 33
 -14 -66
 -30 89
 -23 8
 2 -109
 -32 49
 -22 53
 -38 33
 -15 -84
 -11 95
 15 -107
 -27 91
 12 -53
 45 98
 -20 79
 -38 46
 -1 99
 56 97
 -48 32
 -46 63
 22 -52
 -54 32
 20 -54
 9 2
 30 -100
 -56 35
 -41 69
 -2 -50
 -28 7
 -24 89
 -9 -67
 -35 85
 -37 42
 15 101
 -42 65
 -25 11
 -22 60
 30 -39
 13 103
 -42 36
 17 -45
 -6 95
 19 -53
 -44 34
 -7 -97
 -1 -51
 -49 42
 -10 -54
 -24 18
 -2 -106
 -17 94
 -7 -96
 -32 73
 -14 -71
 -18 -70
 -23 53
 -37 77
 35 -43
 5 1
 -52 65
 -40 41
 -26 57
 -42 69
 -2 -51
 -23 92
 -27 80
 48 96
 -39 33
 39 -43
 -5 -51
 -22 -78
 65 44
 -6 -104
 -19 15
 -30 87
 -34 82
 26 -45
 4 -107
 -12 -68
 -5 -102
 -1 -60
 -12 -74
 -49 22
 -3 -105
 40 -45
 -22 9
 -14 -83
 -31 58
 -22 -87
 -13 -97
 -39 43
 -46 40
 18 -104
 -27 76
 -3 -49
 34 102
 -54 26
 20 -106
 42 96
 -39 40
 -27 9
 -45 65
 -22 -75
 -35 78
 -50 23
 -33 56
 28 -43
 -30 53
 -44 65
 13 -47
 6 5
 -51 26
 2 -52
 -3 -98
 -55 33
 63 93
 -10 -64
 -53 23
 -38 67
 -44 59
 -34 83
 -16 95
 -27 10
 64 91
 -25 82
 -7 -95
 -15 -83
 23 100
 -42 66
 24 -108
 11 -108
 -4 54
 -47 62
 5 -47
 -35 58
 -27 54
 -19 95
 -55 31
 -21 53
 -53 29
 -33 58
 46 -44
 5 -46
 64 -49
 -43 66
 -20 -88
 -51 29
 -26 11
 -41 39
 4 -106
 29 -40
 -45 62
 13 -107
 74 47
 50 -44
 -33 62
 15 -48
 -18 -67
 -2 -57
 -9 -63
 -27 51
 -24 -80
 -36 60
 -35 68
 -16 -83
 -32 83
 -39 45
 0 -64
 1 -50
 2 -49
 -44 41
 20 99
 -18 -83
 -38 79
 66 89
 -16 12
 -28 14
 -54 21
 -30 85
 -4 -52
 -56 30
 -55 36
 45 99
 -31 54
 -3 -62
 2 -63
 -25 8
 2 -100
 -34 79
 -5 -67
 -16 -72
 -52 23
 -34 73
 18 -46
 -17 -80
 -5 -105
 1 -106
 -7 -63
 -46 64
 -9 -53
 8 -107
 -43 49
 8 95
 -19 -89
 -27 11
 -9 -65
 44 96
 5 3
 -33 55
 -34 77
 -43 64
 -15 -73
 -19 -81
 -55 23
 -30 84
 -32 82
 44 98
 -34 71
 -47 68
 -20 92
 -44 64
 -32 72
 24 100
 75 58
 -40 47
 -2 -53
 -41 86
 -25 75
 -10 96
 -32 43
 2 -50
 26 -44
 -8 -84
 0 96
 -5 -55
 37 102
 25 101
 -32 88
 -39 70
 -35 57
 -27 -88
 -21 54
 -22 -88
 34 -40
 58 96
 -38 87
 -11 96
 5 -108
 -51 36
 -36 81
 -23 10
 -25 55
 -21 -80
 -2 -103
 -8 -97
 -31 68
 -4 -59
 -44 61
 -32 54
 -22 93
 -10 -52
 -25 89
 -14 -88
 -33 68
 -8 -71
 -52 22
 6 98
 5 93
 -12 -65
 5 4
 -29 92
 2 -108
 -7 -84
 -14 5
 -28 74
 -52 32
 -12 -70
 31 103
 -15 -66
 38 -39
 30 102
 -5 -98
 -24 -89
 -24 53
 -25 -78
 11 -107
 43 -44
 -16 94
 -26 89
 -1 96
 -29 76
 53 97
 -20 -79
 -53 25
 -23 12
 -18 12
 30 101
 -26 91
 -5 97
 -54 24
 44 -45
 44 99
 -40 60
 -23 89
 -40 33
 -49 33
 -18 -88
 -33 82
 -18 -89
 3 -108
 -25 54
 -46 61
 -8 -62
 -8 96
 -35 80
 28 101
 -9 -68
 21 -53
 -23 -81
 65 93
 22 -47
 -5 -59
 18 -103
 -27 14
 -13 93
 -31 86
 -26 73
 16 -106
 13 2
 -21 12
 -45 33
 -10 -61
 18 -52
 25 -44
 -33 87
 -12 -99
 -19 53
 -11 -89
 -44 40
 -13 91
 -36 65
 -33 67
 -21 5
 -5 -49
 -11 -55
 -18 94
 -46 68
 -16 92
 4 4
 65 -49
 -7 -66
 1 99
 -38 41
 -39 87
 -28 90
 -4 -104
 -4 -98
 -14 94
 53 96
 -38 43
 -12 -66
 -19 -88
 -24 54
 -7 -105
 -36 53
 -7 -104
 11 -106
 -5 -65
 -54 30
 32 101
 -13 96
 -50 36
 65 -50
 -41 36
 -10 -92
 8 5
 -6 -65
 11 100
 -25 -88
 -3 -53
 44 -44
 -11 94
 -6 -101
 76 47
 37 101
 -38 84
 11 -101
 -11 -71
 -29 14
 -4 -61
 -39 65
 -22 90
 1 -101
 46 -43
 -31 88
 -27 66
 -37 58
 -37 65
 -35 56
 35 103
 -44 62
 -26 6
 -31 79
 -26 -77
 -24 58
 -36 71
 -24 10
 22 101
 -1 -48
 -28 50
 14 101
 -50 33
 -24 6
 -24 9
 -30 88
 -17 -75
 5 -107
 -21 51
 -38 44
 -9 -54
 2 2
 10 100
 19 -106
 -8 -72
 -29 82
 -17 89
 -45 64
 -46 65
 -19 12
 -39 34
 18 -44
 -42 61
 33 -40
 -24 91
 -51 42
 54 97
 -59 30
 -24 14
 63 -50
 -37 43
 11 -47
 -30 51
 36 -40
 12 -52
 -5 -66
 -16 -81
 -21 6
 -23 60
 25 102
 13 -49
 -6 -59
 -3 -107
 -32 16
 -20 -87
 -36 66
 51 98
 -52 33
 -10 -97
 -33 16
 5 -45
 -42 42
 76 58
 -19 8
 -13 -55
 16 -105
 -18 11
