 25 34
 64 79
 62 -66
 38 77
 23 28
 54 66
 25 36
 60 -87
 53 -77
 61 75
 52 -74
 56 -67
 45 23
 21 27
 35 22
 38 33
 35 35
 46 68
 67 -67
 43 67
 42 79
 54 -72
 57 -75
 41 37
 36 38
 18 28
 36 77
 30 70
 58 -86
 27 36
 54 -84
 34 69
 33 74
 54 -67
 66 -67
 33 35
 59 -75
 54 36
 64 61
 17 28
 55 -72
 53 -84
 38 74
 47 60
 32 78
 49 66
 55 -85
 53 63
 40 36
 44 80
 27 33
 38 35
 60 60
 44 38
 34 66
 39 39
 17 29
 45 63
 33 73
 67 79
 56 -90
 48 79
 54 -68
 32 74
 41 38
 40 37
 66 59
 27 35
 34 75
 62 60
 31 76
 51 67
 62 58
 33 75
 33 67
 54 -90
 73 -67
 27 34
 60 -88
 63 80
 38 81
 70 58
 55 -88
 49 79
 51 59
 68 -68
 34 26
 56 -71
 61 -88
 46 59
 51 62
 46 69
 55 -79
 28 27
 44 37
 60 -66
 53 -67
 73 -68
 32 66
 44 36
 56 -87
 40 81
 53 -74
 47 64
 54 -69
 68 -70
 34 78
 35 23
 32 27
 54 -85
 74 -68
 56 -76
 34 68
 54 65
 53 67
 48 37
 23 31
 55 64
 53 -89
 34 77
 50 -88
 29 68
 43 77
 40 80
 59 -66
 53 -75
 59 -82
 49 -83
 72 -67
 20 27
 27 23
 63 59
 54 -78
 62 74
 38 38
 64 60
 39 36
 29 24
 56 67
 46 60
 66 79
 33 21
 57 68
 58 -66
 43 62
 58 -87
 49 -80
 55 -80
 56 -68
 59 64
 29 35
 41 80
 61 -67
 24 27
 51 -83
 62 61
 51 64
 39 74
 46 62
 56 -80
 33 68
 68 81
 32 35
 40 34
 27 28
 28 73
 48 64
 53 -78
 56 -86
 35 68
 56 66
 50 66
 67 81
 43 76
 22 27
 37 78
 56 -72
 47 59
 41 79
 30 24
 55 65
 50 -78
 69 -69
 21 28
 75 -68
 55 -77
 49 -82
 56 -66
 70 -84
 31 73
 57 -65
 49 60
 52 63
 32 24
 54 -87
 44 79
 32 73
 29 69
 41 39
 50 38
 45 37
 31 22
 51 -82
 45 60
 34 74
 57 -66
 54 62
 31 27
 55 -87
 28 32
 62 79
 54 67
 31 69
 45 62
 55 -84
 40 22
 50 -70
 38 34
 27 24
 19 27
 45 79
 56 -88
 68 -86
 74 -67
 59 -85
 29 74
 13 30
 71 -68
 49 61
 53 -80
 52 -82
 32 71
 52 -88
 67 -88
 62 -67
 29 22
 50 60
 68 -69
 30 73
 42 80
 47 80
 57 -85
 54 -76
 52 65
 68 58
 29 36
 52 -79
 35 75
 33 66
 59 -87
 43 75
 36 76
 57 -87
 37 73
 21 33
 38 76
 50 -81
 48 61
 40 67
 56 68
 53 64
 52 60
 55 -83
 65 59
 71 79
 38 37
 39 77
 18 27
 43 66
 33 76
 31 36
 57 -76
 35 66
 70 60
 56 65
 60 -65
 44 62
 70 80
 49 67
 53 60
 48 59
 33 22
 52 -75
 54 -75
 40 79
 34 76
 16 28
 35 73
 33 65
 25 33
 46 36
 55 -71
 55 -81
 18 30
 54 -80
 42 36
 42 77
 30 32
 22 26
 49 64
 62 -87
 55 -68
 65 -68
 50 64
 57 64
 43 36
 62 -86
 57 -71
 41 77
 33 69
 53 -79
 31 35
 70 -86
 64 -78
 60 58
 41 78
 53 -71
 57 -67
 47 61
 49 59
 55 -74
 31 25
 47 63
 31 75
 28 36
 54 -73
 52 -73
 51 38
 54 -74
 38 66
 65 -88
 29 70
 27 27
 36 74
 53 -88
 74 -66
 34 73
 53 -72
 14 30
 39 80
 52 -80
 53 -83
 42 67
 39 78
 38 39
 37 66
 54 -71
 32 69
 58 -88
 59 -67
 52 -81
 63 -67
 54 35
 41 36
 20 30
 36 35
 42 78
 29 28
 32 22
 29 27
 38 73
 31 68
 54 63
 42 38
 69 -68
 75 -67
 41 66
 28 35
 32 72
 52 -77
 12 29
 52 -71
 14 29
 70 59
 58 65
 37 77
 60 61
 52 67
 51 60
 16 29
 51 -71
 56 -75
 66 81
 19 30
 53 -69
 53 62
 58 -75
 59 -86
 41 67
 45 68
 55 -75
 50 -71
 56 -70
 51 37
 50 37
 57 -68
 68 -67
 55 -86
 25 35
 11 30
 64 80
 25 27
 52 -84
 56 -83
 70 61
 68 78
 32 33
 42 39
 32 34
 66 -69
 25 30
 48 60
 65 60
 32 79
 65 -67
 31 74
 24 35
 51 -69
 44 77
 63 -87
 26 27
 23 34
 40 35
 52 -78
 52 66
 53 -87
 48 62
 61 80
 59 60
 39 67
 32 68
 61 64
 23 33
 55 -69
 51 -80
 58 -83
 41 75
 58 -82
 40 74
 52 -87
 51 65
 62 59
 43 37
 19 29
 54 -70
 25 23
 50 59
 31 70
 40 33
 37 74
 52 -70
 42 62
 65 62
 39 38
 21 31
 44 75
 35 74
 69 -67
 47 79
 48 38
 61 -87
 36 39
 69 -86
 69 -87
 61 61
 52 68
 30 35
 34 27
 56 -89
 51 61
 55 60
 39 22
 64 -88
 16 30
 43 60
 45 69
 17 30
 71 80
 39 34
 40 38
 38 67
 25 28
 32 70
 50 -77
 19 28
 35 21
 47 66
 52 -69
 54 -82
 50 -69
 44 78
 52 -68
 42 66
 35 78
 55 -89
 57 -81
 53 65
 51 -67
 57 -86
 50 62
 66 -68
 24 32
 48 66
 53 -86
 47 68
 35 65
 26 36
 47 67
 21 34
 32 77
 54 -89
 52 64
 41 22
 30 22
 22 35
 45 61
 55 -78
