 36 -76
 19 46
 16 86
 1 40
 28 -85
 57 51
 51 52
 -6 64
 6 19
 59 88
 -13 22
 -1 60
 5 61
 50 54
 -25 24
 10 57
 29 45
 37 -56
 -22 32
 26 48
 23 -73
 -19 26
 23 12
 -3 37
 -3 33
 57 50
 1 44
 -17 27
 71 52
 42 92
 32 -67
 44 -52
 27 -70
 -3 65
 6 84
 17 41
 25 -72
 29 -68
 9 -76
 27 -94
 69 51
 59 84
 41 -53
 14 -88
 36 -55
 -5 41
 20 54
 13 53
 23 -93
 57 86
 34 91
 21 49
 60 86
 -26 32
 -1 43
 -15 34
 8 85
 25 46
 37 -53
 35 -56
 24 -72
 31 86
 16 -77
 26 -96
 25 -77
 18 -74
 19 42
 53 -53
 30 -59
 -25 33
 -25 30
 23 -74
 -16 22
 16 54
 21 47
 10 12
 30 49
 15 12
 2 41
 26 -70
 24 -74
 28 47
 -7 21
 26 -86
 39 91
 14 11
 15 14
 1 81
 15 54
 33 -56
 -5 37
 27 47
 14 87
 -2 69
 3 82
 20 50
 8 21
 0 62
 14 58
 -17 25
 33 89
 18 50
 40 -61
 17 90
 29 -74
 13 87
 -9 38
 44 90
 5 69
 -24 26
 -10 22
 68 -61
 16 -82
 0 60
 26 -87
 -27 29
 28 -94
 40 89
 7 61
 9 61
 28 52
 7 67
 -12 23
 8 68
 22 86
 14 -80
 49 -55
 13 -77
 0 45
 -6 23
 -3 34
 39 -101
 38 -97
 -10 40
 59 87
 61 51
 42 -51
 12 -78
 38 -53
 -4 64
 22 -73
 14 -87
 -2 33
 -25 31
 37 91
 -26 33
 -3 63
 59 86
 3 81
 49 51
 -2 32
 39 48
 -3 36
 27 -71
 7 11
 22 -86
 19 12
 -15 22
 13 -81
 25 -88
 18 14
 7 66
 57 87
 30 -64
 39 -52
 62 -58
 7 85
 19 52
 -2 72
 56 -56
 22 -76
 43 -53
 11 56
 28 -72
 21 11
 -22 27
 23 -90
 24 -86
 41 -52
 -2 77
 5 85
 -17 31
 34 -97
 -4 42
 38 -87
 17 42
 25 -74
 15 57
 18 55
 46 -53
 30 -70
 23 60
 13 54
 31 -74
 31 -95
 -24 27
 7 84
 24 -90
 19 61
 30 -58
 30 47
 5 41
 35 89
 11 -88
 29 -94
 1 62
 -3 78
 24 48
 28 -70
 66 54
 55 -54
 37 -57
 32 -98
 20 12
 17 59
 8 61
 33 90
 -19 31
 24 13
 25 -90
 -1 40
 18 13
 59 -57
 24 -65
 22 -71
 45 90
 28 49
 28 88
 -15 37
 8 12
 9 68
 13 86
 45 -97
 17 47
 17 -94
 5 59
 20 13
 37 -101
 15 55
 25 64
 20 89
 73 54
 32 -58
 -5 61
 2 79
 -7 38
 23 -66
 -25 28
 -9 34
 16 53
 14 56
 58 86
 18 42
 20 41
 -2 64
 11 11
 -11 22
 -15 23
 22 -90
 1 80
 -25 34
 47 -52
 37 48
 21 12
 1 45
 2 71
 -1 76
 23 -91
 17 -80
 33 -65
 12 -76
 29 -93
 29 -89
 26 -89
 -14 24
 33 -59
 1 65
 2 64
 15 60
 55 -55
 64 51
 19 -74
 34 -67
 52 52
 32 -88
 26 49
 16 -83
 30 -72
 27 -93
 41 -54
 46 -57
 -28 33
 40 88
 33 -85
 -16 37
 60 87
 50 -72
 20 58
 -11 35
 12 57
 42 -53
 -20 35
 45 -98
 4 68
 -11 36
 24 -73
 -16 23
 -17 35
 19 88
 37 88
 3 65
 37 -98
 16 85
 25 50
 20 48
 -25 26
 44 -54
 25 45
 8 84
 37 -52
 -5 22
 36 -97
 -22 30
 24 -89
 17 53
 22 48
 31 89
 33 40
 47 90
 29 44
 6 68
 -8 21
 6 20
 6 39
 17 -78
 30 90
 -28 27
 10 15
 21 -91
 -1 81
 16 -74
 34 -53
 52 53
 66 52
 18 12
 0 41
 10 11
 6 64
 28 -95
 45 91
 -4 37
 1 83
 1 85
 18 58
 20 49
 60 89
 18 49
 21 45
 -18 26
 8 42
 -20 26
 14 -78
 34 -93
 38 51
 56 52
 -19 34
 4 67
 5 68
 19 -80
 2 70
 35 90
 34 -60
 29 47
 -1 19
 26 45
 2 63
 11 -87
 1 74
 36 91
 34 90
 6 44
 16 89
 11 88
 -23 25
 26 47
 -5 23
 29 -71
 46 52
 -27 31
 10 18
 -6 40
 -23 35
 19 89
 25 43
 43 -55
 19 59
 -25 25
 39 90
 26 -72
 27 44
 11 -86
 27 49
 23 -89
 -1 44
 40 48
 8 86
 3 80
 29 -88
 8 -88
 34 -96
 73 57
 6 9
 20 -94
 62 85
 32 85
 11 -76
 -16 36
 4 85
 9 12
 1 42
 13 11
 19 14
 13 89
 37 89
 47 91
 -1 42
 25 -94
 28 -66
 28 -71
 36 50
 30 -68
 19 51
 8 20
 10 66
 19 55
 54 53
 37 54
 39 52
 16 -87
 16 -80
 22 -87
 22 15
 20 39
 17 -83
 -6 42
 37 90
 21 -86
 24 51
 -17 29
 13 10
 42 -52
 0 64
 -1 63
 57 88
 3 69
 60 -57
 36 -99
 17 40
 58 89
 -1 78
 39 88
 0 74
 8 56
 31 -65
 18 53
 -20 30
 29 -75
 34 -86
 22 46
 33 -98
 35 -98
 13 -82
 -4 21
 0 82
 38 -101
 17 -76
 -10 23
 11 53
 30 -66
 39 -53
 10 14
 29 -69
 0 81
 -11 24
 38 -58
 32 89
 6 86
 1 59
 33 -86
 5 64
 31 -88
 10 -87
 62 50
 37 -102
 47 -51
 35 -75
 29 -87
 31 -66
 25 -91
 24 -87
 25 -86
 -14 26
 10 -88
 38 47
 8 55
 12 16
 66 51
 20 44
 13 56
 30 -65
 16 -84
 71 53
 27 -84
 49 -72
 2 69
 22 -91
 35 -59
 4 84
 33 50
 -4 39
 44 91
 54 -55
 8 -89
 -23 27
 11 -81
 40 -52
 38 -52
 11 9
 25 -58
 35 49
 41 92
 39 -54
 35 -99
 28 -67
 16 11
 22 -74
 13 -88
 57 -55
 42 89
 9 -88
 -8 23
 2 80
 38 -57
 -3 19
 0 75
 -18 23
 12 12
 43 92
 33 -88
 17 88
 -18 29
 1 79
 8 16
 36 -61
 65 -60
 25 -95
 16 41
 29 89
 5 82
 30 -73
 27 -87
 27 -88
 2 61
 14 -82
 14 17
 38 -56
 24 -94
 58 87
 28 -88
 8 11
 3 42
 35 -52
 18 59
 28 -64
 52 54
 20 55
 24 43
 -16 38
 62 -56
 37 46
 -17 26
 14 12
 25 13
 26 -74
 39 -100
 40 90
 6 85
 21 51
 0 78
 18 60
 28 -69
 -6 75
 15 90
 19 -91
 38 -51
 20 61
 13 57
 65 54
 46 -51
 12 11
 -16 24
 33 85
 26 -84
 19 -77
 32 -65
 22 -93
 29 -64
 15 87
 16 -75
 39 -61
 3 59
 13 12
 19 -94
 29 -84
 31 -59
 23 50
 -1 71
 54 52
 34 -58
 35 91
 62 52
 25 -65
 11 -77
 23 45
 -4 75
 11 13
 19 58
 14 88
 4 44
 3 43
 28 -84
 46 -52
 28 -58
 41 -66
 34 -75
 3 62
 -3 20
 8 43
 34 -69
 43 -54
 10 16
 36 89
 -21 27
 30 -69
 -1 20
 -9 37
 14 59
 19 -76
 26 52
 23 -87
 25 -63
 30 -67
 34 -95
 11 12
 -14 35
 11 62
 46 -97
 29 -66
 23 48
 7 68
 20 14
 -5 38
 32 -59
 20 -92
 -22 26
 41 -100
 -2 43
 3 61
 30 -95
 -6 21
 1 78
 3 58
 9 16
 24 88
 -3 70
 -2 42
 58 -57
 21 -87
 2 59
 -27 27
 21 -88
 27 -85
 10 -89
 43 -87
 21 52
 -5 36
 36 90
 16 59
 -14 23
 4 71
 -3 74
 28 51
 -3 40
 -2 45
 11 57
 12 86
 24 -88
 0 72
 37 49
 16 -81
 2 44
 -15 26
 1 41
 22 44
 58 51
 16 12
 -15 35
 -3 39
 23 49
 13 42
 -13 36
 35 -87
 31 88
 25 -71
 25 89
 -3 44
 1 20
 1 71
 -2 37
 39 -56
 56 -55
 15 -75
 11 16
 24 -71
 -7 37
 37 -97
 26 -88
 40 -100
 -13 23
 -2 20
 28 -65
 -1 45
 -26 31
 25 47
 21 48
 5 42
 22 43
 17 57
 54 54
 32 86
 17 12
 16 42
 -14 22
 27 -72
 19 53
 16 60
 29 88
 25 48
 61 84
 37 -64
 23 -94
 34 -59
 -4 36
 54 -54
 19 39
 5 86
 3 64
 10 61
 -30 27
 1 84
 46 -55
 33 -87
 0 79
 14 89
 -5 70
 9 15
 44 53
 17 14
 0 42
 14 -76
 51 53
 32 -72
 34 -55
 23 -88
 20 -87
 3 72
 34 -73
 19 47
 -6 24
 1 61
 22 -95
 24 89
 26 -95
 20 47
 38 50
 3 71
 40 87
 47 -53
 14 60
 -27 28
 27 89
 2 43
 31 -70
 -28 28
 23 52
 27 43
 23 -65
 -3 64
 -3 61
 -7 24
 32 -60
 -4 44
 2 75
 -7 43
 -1 74
 19 60
 32 -97
 -1 32
 23 57
 20 46
 44 -53
 7 16
 67 52
 58 -55
 35 -72
 -6 38
 -30 26
 65 51
 27 -86
 33 -84
 0 63
 11 10
 25 -69
 31 -60
 37 -55
 -2 74
 31 -87
 6 59
 14 86
 8 9
 19 -82
 64 50
 27 -73
 10 84
 18 39
 58 -56
 28 -73
 45 -51
 26 89
 37 -61
 -3 75
 -17 37
 14 85
 61 52
 7 55
 27 -63
 5 84
 0 71
 27 -69
 35 50
 32 -95
 11 86
 22 53
 0 61
 19 54
 1 39
 21 -73
 -25 27
 19 40
 19 11
 -10 38
 24 -95
 -12 21
 0 77
 27 50
 36 -56
 25 49
 35 -76
 3 84
 -26 26
 40 -51
 17 -81
 27 88
 22 -94
 24 -91
 36 -101
 25 51
 0 43
 33 -95
 10 10
 9 11
 -5 43
 28 50
 12 88
 16 56
 8 10
 21 13
 25 -64
 9 20
 35 -57
 15 41
 9 56
 0 19
 9 9
 -18 34
 22 47
 21 60
 36 -53
 27 -89
 -6 63
 31 -89
 30 -85
 29 -65
 6 11
 23 89
 50 91
 3 74
 -2 75
 -7 23
 12 14
 34 -99
 20 60
 69 -59
 -9 24
 22 52
 51 51
 -5 34
 8 19
 40 -59
 3 86
 17 55
 23 51
 64 52
 1 58
 40 -57
 22 51
 13 14
 29 43
 43 90
 -5 42
 34 -98
 -17 34
 43 91
 -19 25
 18 -81
 25 12
 24 45
 24 53
 21 46
 13 88
 29 -70
 72 57
 3 78
 30 -75
 38 48
 60 -56
 27 45
 -20 22
 4 59
 8 60
 -5 64
 34 86
 28 -74
 -4 20
 27 -58
 -3 23
 59 -56
 -4 38
 24 46
 14 54
 19 48
 31 -67
 15 58
 20 52
 41 91
 14 -77
 35 -97
 -13 35
 65 -61
 55 50
 17 13
 17 89
 19 -86
 -8 70
 4 72
 1 43
 -1 85
 25 -93
 45 -52
 33 -58
 29 -95
 -9 23
 20 -76
 -24 35
 -6 19
 -2 38
 16 55
 24 50
 -21 34
 21 55
 0 44
 46 89
 40 -53
 24 -63
 31 -92
 67 -60
 17 -74
 3 44
 26 -65
 14 57
 -19 27
 53 52
 -2 61
 35 -58
 3 83
 48 52
 22 -92
 71 51
 26 44
 38 -100
 34 -65
 29 -60
 36 49
 0 80
 38 -61
 6 21
 62 51
 -2 82
 -23 32
 -10 39
 -23 26
 -27 24
 29 -73
 21 14
 17 58
 15 89
 23 46
 23 43
 31 -86
 -23 30
 1 60
 9 83
 6 43
 27 -95
 10 88
 9 -87
 32 -86
 62 -57
 40 -66
 16 50
 17 -75
 32 -68
 61 86
 9 55
 -2 62
 4 64
 37 51
 -4 45
 26 51
 -25 32
 19 -75
 42 91
 -4 70
 26 -63
 -4 40
 28 89
 -4 61
 22 50
 67 51
 14 62
 18 89
 12 56
 8 81
 -16 26
 23 -86
 9 87
 24 -62
 -1 75
 59 51
 12 -87
 -6 43
 -18 22
 29 -72
 -28 32
 41 52
 -6 20
 -12 22
 36 -60
 25 -89
 30 48
 26 -71
 -24 31
 26 -94
 -7 22
 32 -73
 60 88
 -8 39
 -17 22
 -23 34
 13 13
 29 46
 -4 43
 -6 70
 5 70
 -4 63
 23 47
 1 69
 49 91
 1 72
 17 39
 -14 36
 62 -59
 58 88
 22 88
 -8 38
 26 50
 57 53
 -7 41
 14 53
 17 60
 37 -99
 -4 74
 51 -54
 28 48
 15 -76
 -12 35
 -3 42
 27 -68
 28 -62
 27 -62
 21 -93
 20 -93
 55 -53
 27 -64
 69 -60
 27 -92
 31 -64
 12 13
 -3 76
 39 -102
 40 -99
 53 -54
 9 84
 7 15
 13 -86
 20 -86
 12 15
 34 85
 46 -54
 5 43
 14 -83
 33 39
 17 -82
 17 -77
 15 -81
 67 -59
 20 40
 11 87
 21 -66
 40 -58
 32 90
 18 85
 10 56
 25 52
 36 -52
 18 -87
 15 -78
 0 59
 27 -65
