 9 138
 -160 12
 -140 85
 -97 -121
 -126 0
 -151 68
 -121 -68
 -107 -1
 53 -18
 -131 85
 -117 -53
 -123 -49
 -122 88
 -87 -29
 -80 -25
 -105 -35
 -47 129
 -137 17
 -119 -48
 -81 -23
 -156 38
 -84 -18
 -124 -93
 -160 72
 -82 -134
 -84 -24
 -102 -110
 -140 73
 -101 -105
 -100 -119
 -146 12
 -93 -28
 24 131
 -103 -44
 -134 -67
 -153 36
 -140 26
 77 52
 -149 67
 -136 86
 -101 -104
 -118 -6
 -120 -54
 -85 -116
 -100 -112
 -90 122
 -150 37
 24 133
 -94 -37
 -148 27
 -109 -6
 -118 87
 -98 -118
 -145 3
 -104 -40
 -87 -31
 -92 -113
 -133 76
 -158 19
 -133 -79
 -158 44
 -133 3
 -93 -122
 -151 57
 27 -10
 -134 -81
 -87 -25
 -98 -112
 -98 -110
 -99 -118
 -12 138
 -109 -100
 -147 45
 -145 16
 -68 128
 -143 57
 -148 64
 28 -15
 -153 58
 -153 15
 -139 76
 -145 78
 -120 -98
 -90 -131
 -87 -11
 -126 97
 -39 126
 -97 -7
 -124 -3
 -147 71
 -150 17
 -96 -121
 -157 11
 -135 51
 -115 -46
 -97 -35
 -103 115
 -134 85
 -91 -28
 -160 71
 -132 -80
 -159 38
 -97 -113
 -99 -132
 1 138
 -151 37
 -128 101
 -101 -110
 -92 -27
 -85 -39
 -137 87
 27 132
 -130 1
 -53 -134
 -77 -24
 -95 -121
 -160 37
 82 48
 -46 130
 -102 -107
 -153 11
 -155 27
 -145 76
 -164 23
 -163 32
 29 -12
 -64 127
 -27 135
 -153 68
 -88 -133
 -101 -120
 -127 -1
 -87 -23
 -146 73
 -157 59
 -151 52
 -142 -74
 -90 -115
 -153 7
 -123 -4
 -145 74
 -126 103
 -96 -7
 -137 2
 -81 -24
 -65 129
 -150 18
 -155 58
 -128 -64
 -155 69
 -93 -116
 -166 43
 -106 -109
 -145 73
 -135 4
 -67 -136
 -48 133
 -143 4
 -155 12
 -102 -114
 -144 3
 -116 106
 -116 95
 -93 -22
 -51 -136
 -105 -68
 -19 136
 -126 -67
 -156 69
 -137 -79
 -92 -10
 -139 81
 37 -16
 -118 -65
 -103 -115
 -133 0
 -104 -62
 -131 0
 -104 -44
 30 -11
 -161 20
 -142 2
 -153 65
 -147 70
 -80 -27
 -164 43
 -137 78
 -119 -6
 -92 -26
 -97 117
 -143 74
 -131 84
 -111 -4
 -79 -137
 -101 -106
 -92 -106
 -69 130
 -98 -106
 -159 9
 -110 -5
 -73 -20
 -84 -27
 -90 -22
 -160 20
 -79 -134
 -83 -20
 -145 55
 -93 -119
 -140 81
 -101 -115
 -126 -95
 -127 -60
 -101 -34
 -152 39
 -86 -133
 -126 98
 -164 31
 -138 82
 -163 21
 -145 36
 -153 12
 -127 -59
 -156 9
 -123 89
 -87 -26
 -104 -104
 -137 73
 -87 -30
 -96 -38
 -98 -117
 -128 0
 -40 134
 -154 35
 -147 38
 26 -11
 -29 136
 -151 17
 -153 76
 -115 -67
 -157 19
 -110 114
 -127 92
 -100 -117
 -159 28
 -61 128
 -47 130
 -88 -127
 -153 59
 -121 -48
 -158 71
 -121 98
 -97 -114
 -125 -99
 -95 -29
 -116 103
 -76 -24
 -158 72
 -110 -4
 -116 104
 -156 11
 -167 42
 -138 -74
 -41 134
 -136 83
 -95 -133
 -82 129
 20 -9
 -158 14
 -131 1
 -127 98
 -125 100
 -152 71
 -136 3
 -111 -54
 -158 12
 32 -12
 -90 -105
 -45 131
 17 -7
 -149 64
 -142 -79
 1 137
 -91 -39
 -108 103
 -71 -138
 -103 -108
 -150 70
 -115 -47
 -81 -135
 5 -8
 -93 -26
 -140 -79
 -151 75
 -105 -7
 -101 -8
 -102 -35
 -44 133
 -153 38
 45 -19
 -127 0
 28 131
 -152 62
 -128 97
 -158 6
 -138 2
 -94 -120
 29 -11
 -66 128
 -156 33
 -147 46
 -141 -81
 -146 15
 -100 -105
 -155 40
 -109 103
 -152 30
 -166 30
 -50 134
 -93 -25
 -141 -79
 -92 -129
 -154 12
 -126 100
 -13 136
 -73 126
 -120 93
 -70 -136
 -111 -50
 -91 -26
 -127 -97
 -139 -76
 -124 101
 -87 -40
 -114 -6
 -155 70
 -94 -112
 -150 52
 -148 68
 -149 68
 -89 -30
 9 -6
 -154 7
 -120 86
 -143 1
 -118 -90
 31 132
 -136 84
 -153 54
 -1 137
 -156 34
 0 138
 -49 -140
 -104 -69
 -74 -133
 -163 44
 -142 1
 -112 -102
 39 127
 -91 -120
 -84 -15
 -31 135
 -148 46
 -109 109
 -90 -39
 -93 -126
 -95 -132
 -125 86
 -112 -98
 -150 51
 -32 134
 -116 -54
 -30 134
 -103 -116
 -109 -50
 -146 38
 -130 0
 -116 109
 -54 127
 -101 -35
 -117 104
 -148 55
 -109 -2
 -100 -118
 -124 91
 -92 121
 -123 95
 -44 134
 -64 131
 -47 132
 -142 68
 -93 -15
 -124 -71
 -99 -38
 -47 -141
 -140 4
 -87 -20
 40 126
 -155 56
 -26 133
 -108 114
 -86 -26
 37 126
 30 132
 -131 -62
 -96 -118
 -91 -15
 -121 95
 -91 -119
 -125 85
 45 -18
 -105 108
 -145 79
 -103 -102
 -121 100
 -112 111
 -100 -37
 -122 -99
 -100 -98
 -157 38
 -109 114
 -121 1
 -100 -130
 -146 -80
 49 -20
 -153 63
 -81 -40
 -135 86
 -118 -49
 -86 -129
 -1 134
 -133 86
 -64 130
 -135 -65
 -143 67
 -137 -61
 -121 102
 -129 -82
 -132 -61
 23 132
 -148 66
 -127 -4
 -111 -52
 -129 -62
 -114 104
 79 52
 -160 14
 -136 77
 -151 14
 80 51
 -94 -11
 -90 -25
 -54 -136
 -99 -7
 -77 -138
 -112 -101
 -127 -91
 -65 -136
 -155 65
 23 131
 -98 -38
 -125 -93
 -78 127
 -159 31
 -144 68
 -124 1
 -88 -131
 -10 138
 -73 -135
 -103 -40
 -107 -54
 -137 79
 -129 -67
 -124 -98
 -88 -39
 -92 -22
 -144 75
 -110 -44
 -122 -49
 6 138
 -147 3
 -135 -66
 -86 126
 -26 134
 -150 67
 -123 -59
 -157 13
 -96 -32
 -125 99
 -24 133
 -167 41
 -69 129
 -119 107
 -50 -140
 -138 18
 -105 -108
 -156 19
 -149 37
 4 -11
 -82 -23
 -92 -11
 -153 14
 -120 105
 -83 -27
 -148 16
 -101 -123
 -42 133
 -143 27
 -86 -130
 -142 -78
 -97 -106
 -146 3
 -83 -135
 -130 -92
 -126 -80
 -166 24
 -154 53
 -109 105
 -126 -1
 -114 -52
 -109 -46
 -142 26
 -102 119
 -91 -128
 -86 -25
 -97 -42
 -147 73
 -117 -61
 -101 116
 -12 136
 -155 26
 -131 -61
 -147 16
 -100 -110
 -155 20
 -107 -101
 -129 1
 -135 87
 -140 78
 -94 -119
 -89 -12
 -135 77
 -104 -45
 -107 -5
 -98 -123
 -99 -130
 4 137
 -56 130
 -92 -131
 -153 34
 29 -13
 -136 7
 15 134
 -132 18
 -115 107
 -49 132
 -115 106
 -60 129
 -148 15
 -101 -114
 -73 127
 4 139
 -113 -98
 -150 15
 -115 -56
 9 137
 -71 126
 -159 71
 -113 113
 -103 -37
 -143 50
 -85 -26
 -152 51
 -145 6
 -85 -25
 -124 92
 -114 -46
 -27 136
 -10 136
 -110 -42
 -141 80
 -127 -82
 25 -11
 -80 -134
 -115 -54
 -103 -35
 -157 39
 -111 -53
 -129 87
 24 -9
 -90 124
 -138 49
 -104 -102
 -157 29
 -101 -37
 -107 -103
 16 135
 43 -20
 45 -20
 -132 0
 -125 96
 -85 -21
 -143 78
 -143 15
 -154 55
 -93 -134
 -90 123
 -151 16
 -151 15
 -66 131
 -9 138
 -81 -136
 -100 -109
 33 130
 -93 -118
 -157 10
 46 -20
 -133 -82
 -52 -143
 -101 -116
 -16 138
 -113 102
 -98 -119
 -132 -64
 -136 -80
 -150 36
 -134 86
 53 -20
 -85 -38
 -159 70
 -85 -134
 -156 45
 -129 2
 -86 -28
 -5 139
 -138 83
 -120 95
 -138 16
 -86 -18
 -153 40
 -162 32
 -124 85
 -90 -132
 -125 91
 -117 106
 -97 -120
 -89 123
 -28 134
 -155 71
 -99 -121
 -85 -10
 -124 100
 -153 22
 51 126
 -96 -111
 -97 -29
 82 50
 -129 -65
 -93 -37
 -113 -55
 -164 32
 -109 -45
 -105 -6
 -120 96
 -64 -137
 -40 135
 -138 -80
 -99 -8
 -123 102
 -155 19
 45 -17
 -1 138
 -111 -5
 -98 -133
 -80 -24
 -97 -105
 -79 -136
 -151 76
 -151 55
 -155 62
 -126 -70
 -153 10
 -143 76
 -95 -118
 -123 97
 -151 48
 -132 -65
 -141 2
 -109 -4
 -119 -52
 31 -11
 -106 -101
 -126 2
 -64 -50
 -101 -113
 -93 125
 -127 1
 -111 113
 43 -17
 -111 -46
 -44 -142
 -114 -5
 -100 -103
 -157 44
 -102 118
 -90 -26
 -99 -102
 -110 -53
 -148 14
 -157 31
 -141 72
 -154 70
 -74 -24
 -147 66
 -155 33
 49 -19
 30 -13
 -127 -80
 -157 15
 -156 44
 -108 109
 -93 124
 -158 7
 -47 -142
 -92 -130
 -116 94
 -116 -53
 -118 -48
 -167 30
 -128 1
 -126 77
 -85 -129
 -61 129
 -81 125
 -56 129
 -121 93
 -138 86
 -115 -48
 -122 90
 -131 86
 -98 108
 -138 -76
 -113 92
 -140 -73
 -73 -138
 -45 130
 -98 -39
 -146 74
 -74 -21
 -92 -23
 -90 -27
 -45 -142
 -142 79
 -95 -105
 -48 130
 -96 -132
 -146 64
 2 -8
 -107 -102
 -127 -66
 29 132
 -99 -116
 -117 -67
 -137 85
 -152 63
 -124 -59
 -158 34
 36 128
 -118 96
 -40 133
 51 -19
 -99 -36
 17 -6
 -106 -6
 -102 -40
 -159 19
 -158 45
 -96 -133
 38 129
 -135 83
 -98 -114
 -155 8
 -70 124
 -96 -129
 -89 -11
 -133 -83
 -146 75
 -160 19
 -111 -47
 -12 137
 -87 -38
 -118 94
 -134 -64
 -53 -136
 -143 6
 -77 -25
 4 140
 -152 70
 -51 132
 26 133
 -132 86
 -133 82
 -104 -6
 -97 -118
 -7 137
 -126 86
 -105 -44
 -147 -79
 -127 -65
 -94 118
 -157 40
 -134 -61
 26 -9
 18 -8
 -104 119
 -156 41
 -89 124
 -89 -33
 -160 29
 -44 127
 14 -7
 -97 -130
 -63 130
 -113 106
 -121 -61
 -89 -132
 -98 117
 -17 137
 -91 -114
 -117 -50
 -137 77
 -113 -51
 -163 37
 -119 88
 -93 -132
 -101 -40
 -137 86
 -121 96
 -99 117
 -53 126
 -155 30
 -168 43
 -151 59
 -139 28
 -120 89
 51 -20
 -157 9
 -30 135
 -117 -93
 -146 71
 -146 66
 -82 125
 42 -17
 -105 -106
 -140 83
 -162 33
 -157 27
 -147 69
 -95 -31
 -133 -60
 -95 -39
 -52 125
 -139 16
 -139 77
 -103 -110
 -158 39
 -140 79
 -126 102
 -126 -61
 33 131
 -48 -140
 -33 135
 -99 -112
 -47 135
 -104 -106
 -162 35
 -111 -51
 -87 -132
 -124 -69
 -59 128
 -126 92
 -72 130
 -154 13
 -93 -32
 -144 52
 -124 -65
 -89 -28
 -160 13
 -119 103
 -122 -67
 48 -18
 32 132
 -160 30
 -94 -10
 -150 74
 -89 -130
 -100 -128
 -65 126
 -110 -52
 -122 -3
 -104 -68
 -30 136
 -88 122
 -157 8
 -149 63
 -4 137
 -100 -42
 -26 135
 -161 12
 -130 -63
 -143 84
 -132 -1
 5 135
 -35 134
 -80 -31
 -99 -114
 -105 -100
 -124 -4
 -153 45
 -101 -102
 -133 87
 -146 -79
 -107 -46
 -94 -124
 -111 106
 -161 43
 -148 67
 -148 35
 -96 -124
 -90 125
 -131 -93
 16 -8
 52 -18
 -157 37
 -137 -77
 -146 6
 -108 107
 35 129
 -80 -23
 -149 13
 -144 -79
 -145 15
 -105 -70
 -159 13
 -94 -131
 -139 85
 -145 4
 -106 -44
 -141 87
 -97 -41
 -46 -141
 -155 11
 -88 -130
 -153 56
 -112 -5
 -144 6
 -97 -32
 -116 96
 50 -21
 -158 30
 -117 -49
 -144 50
 -117 -54
 -98 -36
 -128 -92
 -112 -52
 -155 64
 -78 -23
 -125 94
 -86 124
 -159 7
 -131 -82
 -159 8
 -150 62
 -92 -114
 -26 136
 -150 16
 -149 21
 -99 -113
 -143 73
 -98 -131
 48 -19
 2 137
 -124 99
 -42 -138
 25 132
 21 -11
 -145 75
 -46 -143
 -90 -133
 -75 -136
 -154 59
 -156 64
 50 126
 -50 -144
 -152 69
 -86 -132
 -65 -137
 -138 81
 -157 71
 -80 126
 -163 31
 -129 86
 -14 138
 -127 101
 -113 -5
 -146 63
 4 138
 -127 -81
 -119 -47
 -92 124
 -145 67
 6 137
 -124 -67
 -139 15
 -89 125
 -158 27
 -89 -26
 -124 -85
 -136 50
 -115 97
 -112 112
 -81 -137
 -162 41
 -98 -128
 -124 103
 -128 -61
 -99 -39
 36 -16
 -122 -72
 -120 -61
 -133 -80
 -86 -21
 -110 -41
 -125 95
 -89 -110
 -152 36
 -102 -41
 -132 87
 -89 117
 -117 -55
 -128 -97
 -102 -118
 -155 10
 -119 96
 41 -17
 -102 -33
 -145 29
 -131 87
 -89 -21
 -135 3
 -90 -119
 -135 82
 -129 -81
 -107 109
 -115 -55
 -136 82
 -89 -25
 -139 -79
 -150 33
 -101 -38
 -136 -82
 -160 31
 -155 14
 -14 137
 -141 85
 -148 48
 -103 -33
 -111 114
 -110 -100
 -81 -21
 -142 76
 -146 67
 -151 64
 -83 -21
 -104 -99
 28 132
 -152 35
 17 -8
 -104 -110
 -126 91
 -146 39
 -110 -51
 -151 11
 -149 36
 -133 -65
 -126 -97
 -140 80
 -112 -6
 -9 136
 -99 -107
 -119 106
 -62 -137
 -104 -98
 -118 -4
 -108 106
 -48 -142
 -118 86
 34 128
 -157 36
 -104 -100
 -93 -131
 -126 101
 -112 -50
 -96 -36
 -140 2
 -106 -45
 -116 -6
 -129 101
 -159 23
 -124 90
 -153 18
 -63 128
 -166 42
 -140 86
 -90 -127
 -104 -35
 -111 -98
 -133 85
 -92 -119
 -80 -20
 -109 -102
 -135 -80
 -150 68
 -161 37
 3 138
 -110 112
 -117 -52
 -153 70
 -162 72
 -79 125
 31 -12
 34 130
 -92 -133
 -112 -46
 -148 65
 82 38
 -46 -142
 -71 -133
 -115 109
 -146 69
 -131 79
 -150 7
 -98 -37
 -123 93
 19 -7
 -148 73
 -115 112
 -104 -33
 -143 2
 -119 -89
 -74 -137
 -155 13
 -100 -121
 -165 43
 -133 -67
 -144 2
 -80 -22
 -149 38
 -100 -114
 -95 -117
 -160 25
 -139 -75
 -93 123
 -98 -132
 -103 -107
 -126 -94
 -96 -122
 -152 37
 -156 39
 -98 -105
 -157 45
 -104 -108
 83 38
 -57 128
 -137 4
 -113 -52
 -140 -78
 -86 -12
 -165 45
 -128 102
 -141 26
 -153 47
 -160 36
 -157 69
 -85 -130
 -106 -102
 -115 104
 -97 -33
 -162 22
 -141 86
 -92 -134
 -10 137
 -161 32
 -141 74
 -143 49
 -158 37
 -122 -100
 -139 87
 -90 -23
 -89 -22
 -105 -104
 -92 -127
 39 129
 -101 -117
 -93 -114
 -110 -101
 -143 -79
 -148 38
 -139 86
 81 51
 -113 110
 -82 -20
 -124 -66
 -28 136
 -118 109
 -122 -4
 -89 -131
 -151 18
 35 130
 -38 134
 -122 103
 -153 66
 -122 102
 -120 100
 -156 53
 -131 -80
 -133 -81
 -153 26
 -98 -31
 -101 -39
 -76 -22
 -149 69
 -103 -97
 -102 -8
 -98 -120
 -74 127
 -137 49
 -149 48
 -101 -31
 -121 -99
 -141 -80
 -89 122
 -84 127
 -126 -93
 -149 75
 -100 -34
 -76 -137
 -122 2
 -123 -93
 -160 22
 -106 -100
 -98 -122
 -91 125
 -125 -95
 -112 93
 -105 107
 -140 3
 -45 132
 -147 50
 0 139
 -45 134
 -115 105
 -115 -57
 -82 -24
 -88 -26
 -134 -2
 -91 -133
 -155 38
 -99 -123
 -128 -67
 -114 -54
 -150 64
 -116 -55
 -155 31
 15 -6
 -147 72
 -120 -93
 -138 -73
 -142 51
 -49 133
 -96 -131
 -97 -116
 -120 -97
 -115 110
 -139 80
 -159 45
 -165 21
 -128 -62
 -128 -63
 -60 128
 -158 64
 28 -10
 -157 72
 -153 69
 -159 36
 -146 46
 -30 137
 36 130
 -141 16
 -101 -98
 -108 -6
 -157 28
 -116 97
 -101 115
 -131 101
 -150 63
 -106 -5
 -153 6
 -119 -53
 -116 107
 -128 -94
 -71 128
 -114 -56
 -137 81
 -110 113
 -27 134
 -157 33
 -24 131
 -85 -20
 -87 -39
 -154 18
 -145 66
 -119 -67
 -67 129
 -128 -1
 -75 127
 -144 49
 -158 38
 -90 -33
 -33 134
 -103 -7
 -50 128
 -39 133
 -123 -66
 -107 -100
 -141 50
 -111 109
 -152 55
 -75 -134
 -159 12
 -152 52
 -142 81
 -104 105
 -133 81
 -79 126
 -105 -43
 -141 81
 28 -11
 -163 22
 -120 103
 -73 -133
 -152 74
 -161 41
 -13 137
 -99 -117
 -73 -136
 -160 38
 -102 -111
 -81 -134
 -125 -94
 -119 102
 -143 -78
 -123 101
 -124 94
 -79 129
 -84 -134
 -130 -82
 -150 12
 -85 -22
 -151 13
 -118 106
 -50 -143
 -96 -37
 -125 -92
 -71 -19
 -102 -112
 -39 134
 -112 110
 -105 -34
 -105 -112
 -126 94
 -153 16
 -149 14
 -21 137
 -135 -82
 -151 54
 -140 -80
 -145 50
 -19 137
 -121 103
 19 -8
 -97 -37
 -52 133
 -147 37
 -141 67
 -154 29
 -163 13
 -129 -93
 -126 1
 -113 -50
 -88 -21
 -84 -21
 -108 -5
 41 -16
 -44 -141
 -138 3
 54 -19
 -121 -67
 32 130
 -156 27
 -161 27
 -97 -131
 -105 -107
 -38 133
 -151 12
 -161 23
 -145 5
 -104 -32
 -96 -27
 -156 29
 -84 -20
 -139 -81
 -51 -140
 -96 -130
 -121 92
 36 129
 -101 -112
 -114 -51
 -107 -51
 -99 -106
 -139 -74
 -167 32
 -147 39
 -122 92
 10 138
 -105 -102
 -95 123
 -149 73
 -90 -128
 -103 -112
 -147 67
 -134 87
 -158 70
 -125 -91
 -95 125
 -130 -61
 -95 -126
 -32 136
 -88 125
 -20 138
 -92 -128
 -143 5
 -94 -114
 -119 92
 -108 -32
 -69 -137
 28 -12
 -142 50
 -156 7
 -111 104
 -101 -108
 21 -13
 -159 44
 -106 -99
 -104 -103
 -108 -98
 -64 129
 -75 -137
 -148 -80
 -127 -92
 -149 74
 -71 123
 -120 -99
 -85 -27
 -77 127
 -131 -65
 -151 36
 -80 129
 -139 -80
 -141 84
 -58 128
 -82 -27
 -48 -144
 -153 13
 -105 -32
 -7 139
 -120 -67
 -139 84
 -165 30
 -63 -135
 -134 80
 -118 110
 -151 74
 -154 69
 80 37
 -109 -44
 -83 -25
 -105 -69
 2 -7
 -114 105
 -125 -59
 -130 -65
 -122 101
 -87 -24
 -165 22
 -90 -29
 4 -10
 -150 55
 -111 -6
 -40 -139
 -102 -101
 -131 -66
 -141 -75
 27 -11
 -52 -140
 -88 -132
 3 139
 -123 1
 -122 -93
 -145 2
 -87 -130
 -114 -50
 48 -20
 50 125
 -150 57
 -91 -16
 42 -18
 -124 0
 -70 130
 -140 17
 -149 57
 -141 76
 -123 98
 -164 37
 -156 63
 -155 63
 -93 122
 3 137
 -89 -129
 -152 59
 -73 -24
 -136 85
 14 137
 -114 -102
 -90 -31
 -127 -67
 -3 138
 -117 -56
 -118 -3
 -120 -56
 -96 107
 -134 83
 -16 137
 -15 137
 -159 25
 30 -12
 -132 -82
 -75 -135
 -70 129
 -159 27
 47 -18
 -162 19
 -91 -129
 -64 126
 -61 -136
 -156 28
 -102 -108
 -112 113
 -125 98
 -94 -28
 -94 -29
 -86 -20
 -121 0
 -144 15
 -95 -108
 6 140
 -49 134
 -108 -4
 -146 49
 43 -19
 -117 95
 -84 -129
 31 130
 -117 -4
 -117 -6
 -144 1
 -76 -25
 -100 -120
 -135 -61
 -118 -56
 -124 -84
 -2 134
 -118 100
 -125 -60
 -113 104
 -1 139
 -156 12
 37 128
 -125 -97
 -150 59
 -113 112
 -152 32
 -96 -117
 31 129
 -108 113
 -101 118
 -106 106
 -154 34
 -160 27
 -88 126
 -144 -81
 -109 -101
 -22 138
 -90 -129
 -52 -144
 39 126
 -71 -22
 -134 -82
 -142 80
 -128 -66
 -74 -138
 2 138
 -49 -141
 -60 -136
 -155 37
 -90 -11
 -145 51
 -151 56
 -112 -49
 -110 -45
 3 -8
 -156 8
 -103 -105
 -117 -99
 -133 84
 -123 -3
 -127 -94
 -121 88
 -134 -1
 -87 -129
 -88 124
 -136 -81
 -87 122
 -107 -98
 -151 19
 -165 42
 -123 92
 -45 -143
 -94 -27
 -103 -104
 -99 -104
 -132 3
 -148 26
 -102 -121
 -103 -98
 -94 -123
 -122 -50
 -113 -53
 -154 27
 -135 -83
 -88 -28
 -150 66
 -81 127
 82 39
 -110 93
 -24 132
 -155 15
 -77 125
 -96 -126
 -121 -6
 -149 12
 -149 45
 -138 79
 -97 -39
 -96 -8
 -128 -93
 45 -22
 -143 86
 -142 73
 -84 -19
 -107 107
 -109 -51
 -94 -39
 -124 98
 -139 17
 -65 130
 -139 79
 -121 -100
 -57 129
 29 -10
 -152 26
 -108 -45
 -63 127
 -145 37
 -118 93
 -143 83
 -65 128
 -142 -81
 -83 -24
 -125 -4
 26 132
 -86 -135
 -47 131
 -77 -137
 -135 84
 -104 107
 -91 122
 -137 75
 -159 41
 -100 -123
 -79 128
 -78 -135
 -104 -101
 -104 -107
 -121 -93
 -49 -142
 -141 48
 -77 128
 -114 111
 -147 74
 -94 -121
 -163 27
 -133 -63
 -104 -31
 -123 -1
 -44 130
 -96 -114
 -164 42
 -88 -128
 -153 57
 -115 -51
 -142 3
 47 -20
 -91 -10
 -158 13
 -116 -51
 -40 126
 -136 -78
 -131 -67
 31 -13
 -156 23
 -99 -41
 -29 134
 -121 94
 -88 -135
 -91 124
 -137 80
 -120 -48
 -63 129
 -40 -138
 -159 43
 -20 136
 -138 -77
 -125 -61
 -115 -52
 -89 -24
 -144 -74
 -132 -2
 -82 -128
 -116 110
 -113 103
 -98 -109
 -137 -76
 -106 105
 -82 -40
 -2 135
 -125 2
 -91 -27
 -105 -103
 -86 -24
 -78 -136
 -88 -25
 -136 -76
 -43 126
 -126 -59
 -107 -110
 -159 30
 -154 19
 38 -16
 -146 -78
 -151 72
 -118 -54
 -118 105
 -145 -78
 47 -17
 -129 -80
 -158 28
 -50 -142
 -165 31
 -112 -100
 -151 63
 -113 111
 -148 57
 -154 26
 -73 -22
 -96 -39
 -89 -39
 -78 -24
 -42 134
 -163 33
 -105 -46
 32 -11
 -88 -22
 -37 134
 -115 102
 -124 -95
 -129 -66
 -102 -106
 -120 87
 -147 11
 -3 137
 -141 15
 -140 84
 -54 -144
 -88 -134
 -165 23
 -132 81
 -108 -99
 -129 0
 -116 -69
 -87 124
 0 137
 -158 23
 -151 10
 -130 -80
 -150 48
 -113 -6
 -134 84
 -149 42
 -115 -5
 -143 36
 -89 -128
 -123 86
 -157 7
 -104 106
 -8 136
 -125 -68
 -135 -74
 -131 -63
 -84 125
 -126 -66
 -117 96
 18 -9
 -113 -54
 -123 -99
 -77 -135
 -157 12
 -41 135
 -152 7
 -113 -46
 -120 94
 -155 28
 -63 126
 -86 -27
 -160 32
 -115 -49
 38 128
 -71 130
 -149 46
 -117 103
 -137 -75
 43 -18
 -117 97
 -116 105
 -124 -50
 -58 129
 -105 -5
 -125 -98
 -144 51
 -149 11
 -42 126
 -110 -3
 -104 -34
 -66 129
 3 -9
 -47 134
 -168 30
 -86 125
 -121 -60
 -124 -60
 -151 66
 -116 -46
 -159 32
 -123 94
 -89 126
 31 131
 -89 -101
 -137 3
 -73 130
 -123 91
 -9 137
 -107 -6
 -129 -64
 -73 -134
 -100 118
 -121 -49
 -123 90
 -100 -39
 -141 6
 -100 -8
 -120 -49
 -157 30
 -125 101
 -5 138
 -103 106
 -3 139
 -89 -41
 -91 -130
 -163 20
 -134 82
 -148 56
 35 128
 16 136
 -91 -113
 -161 31
 -119 -49
 -84 -26
 -125 -1
 -120 -62
 -107 -108
 -125 89
 -97 -31
 -139 78
 -94 -126
 -25 134
 -134 -80
 -157 70
 -158 36
 -142 -80
 -158 33
 -37 133
 -154 11
 -79 -135
 -101 -41
 -108 -53
 -125 -67
 -106 -7
 -94 -113
 -121 -47
 -102 -7
 -118 -7
 -147 51
 -125 -66
 -79 -138
 -43 135
 -87 -21
 -113 109
 -122 -98
 -8 137
 -98 -34
 -102 -103
 -100 -113
 -147 15
 -110 -46
 -106 -110
 -119 -60
 -162 31
 -143 79
 -119 -70
 -141 71
 -123 -61
 -149 39
 -156 70
 -110 107
 -139 82
 -117 -89
 -54 133
 -106 107
 -117 -48
 -98 -115
 -95 -114
 -128 -81
 -61 127
 -107 -44
 -121 101
 20 -8
 54 -20
 -123 -98
 -118 101
 -93 -121
 -157 62
 -62 127
 -111 -57
 6 139
 -79 127
 -95 -35
 -106 -32
 -154 8
 -138 85
 -147 63
 -154 39
 -131 -81
 -144 58
 -152 64
 -121 -59
 -160 33
 32 -13
 -95 -32
 -96 -104
 -161 71
 -98 -9
 -48 134
 -129 92
 -122 -61
 -162 21
 -79 -23
 -102 105
 -134 2
 35 126
 -110 110
 -72 -133
 -165 32
 -167 23
 47 -19
 -123 -95
 -95 -37
 -134 51
 -125 1
 -92 125
 -155 6
 -156 10
 -29 133
 -89 -27
 -127 -64
 -68 -136
 -143 75
 -65 127
 -105 -98
 -117 -66
 -87 -27
 -133 -61
 -126 -64
 -138 -79
 -132 76
 -123 103
 30 131
 -62 -136
 -69 128
 -96 -9
 -98 -129
 43 -21
 -8 138
 -87 -22
 -107 -35
 -123 100
 -72 127
 44 -22
 -160 35
 -153 64
 -107 -45
 -147 48
 -152 13
 -130 3
 -118 95
 -154 63
 -165 33
 52 -19
 14 136
 -11 137
 21 -10
 -97 -132
 -50 130
 -69 -136
 -11 138
 -162 43
 -66 127
 -87 -131
 -106 -98
 -118 -61
 -135 -81
 -158 32
 -153 60
 -122 95
 -137 -81
 -103 -69
 -149 72
 -52 -135
 16 -6
 -100 -106
 -137 84
 -94 -134
 -62 128
 -90 -114
 -91 -22
 -48 -141
 -154 54
 -124 -92
 -103 -34
 -94 -32
 -108 -42
 26 -10
 -85 -43
 -34 134
 -6 137
 -99 -105
 -98 -111
 -97 -122
 -49 135
 53 -19
 -85 -23
 -147 56
 -123 88
 -77 -136
 -66 130
 -141 -74
 -113 -47
 -136 -74
 -87 -134
 -147 52
 -123 3
 -121 -4
 -125 -96
 -102 -32
 29 131
 -148 -78
 -109 -54
 -108 -101
 26 131
 -81 129
 -108 -46
 1 139
 -102 -109
 16 -7
 -127 -68
 -105 -110
 -48 -143
 -159 72
 -99 -119
 -151 38
 -123 -96
 -163 43
 -167 43
 -51 133
 -132 -67
 -154 40
 -153 17
 -159 29
 -130 -81
 -148 49
 -96 -109
 -136 -83
 -138 17
 -98 -113
 -151 47
 -127 -70
 -115 -50
 -91 -21
 -158 29
 -123 96
 -103 -32
 -136 81
 -81 126
 -157 61
 -103 -60
 -99 -111
 -100 108
 -133 -66
 -123 -100
 -142 78
 -83 -134
 -97 -117
 82 49
 -11 136
 -101 -107
 -52 -136
 -150 47
 -78 -137
 -121 -58
 -95 -131
 -162 38
 -108 -97
 -92 -132
 -50 125
 16 137
 -159 40
 -151 34
 -160 70
 -162 23
 -141 -78
 -146 68
 -99 -110
 -164 24
 -125 92
 -103 114
 -135 81
 -20 137
 -113 -49
 -76 -135
 -53 -135
 -109 -110
 -151 53
 -102 -34
 -5 137
 -108 -54
 -146 50
 -146 37
 -146 45
 -71 -137
 -103 -68
 -104 -47
 -86 -22
 -130 -62
 -27 133
 -146 65
 -103 118
 -144 81
 -163 45
 0 134
 -92 -112
 -135 85
 -93 -10
 -110 109
 -134 81
 -117 105
 -151 45
 -126 99
 -91 -25
 -104 -7
 -145 -77
 -120 88
 -119 -93
 -95 -134
 -122 -59
 -68 129
 -141 83
 -103 -101
 -116 -7
 27 131
 -29 135
 -94 125
 -100 -36
 -86 -37
 -39 -138
 -92 123
 -118 107
 -154 71
 -149 62
 -125 103
 14 135
 32 131
 -124 -70
 -45 129
 -67 130
 -109 -5
 -144 76
 -94 -130
 -141 70
 -89 -127
 -119 101
 -135 -79
 -82 -22
 -114 103
 -89 -29
 -108 110
 -92 -105
 -122 94
 -92 -120
 -119 -68
 50 -19
 -99 -120
 -161 13
 -125 -70
 -155 60
 -6 139
 -147 36
 -139 6
 -161 19
 -88 -27
 -102 -104
 -149 52
 -119 -61
 32 -14
 -95 -10
 -86 -23
 -84 -23
 2 139
 -79 -21
 -122 -60
 -93 -133
 -155 59
 -96 -28
 -148 37
 -100 -31
 46 -18
 -82 127
 -132 2
 -102 106
 -98 -130
 -100 -111
 -150 14
 -158 25
 -103 -62
 -96 -115
 -99 -31
 -90 121
 -67 128
 -103 -111
 -6 136
 -119 104
 -86 -134
 -100 -7
 -126 3
 -125 102
 -98 -8
