 58 37
 -40 -113
 -14 107
 -85 40
 18 111
 -21 -11
 -48 -79
 -68 86
 11 112
 -40 -62
 -32 -102
 -51 6
 -38 -114
 -79 21
 -10 111
 -72 80
 -86 36
 -95 35
 69 38
 13 112
 62 -40
 -38 -102
 -63 59
 -72 68
 65 -42
 -10 -38
 -78 45
 -13 108
 -5 108
 -56 -89
 -34 -113
 -51 -53
 -65 78
 26 115
 -28 -45
 -54 -68
 49 108
 -62 60
 -58 -75
 -41 -63
 -75 17
 -29 -100
 -55 -69
 12 111
 -58 9
 -26 104
 -2 -10
 -48 -67
 -37 -109
 -75 76
 25 119
 -39 -50
 -22 -115
 -82 44
 -57 -88
 -11 108
 -33 -5
 -52 -87
 -22 -39
 -52 -67
 -72 56
 -34 -50
 -63 79
 -34 -106
 -30 106
 -52 -66
 -36 105
 -31 -113
 -41 -108
 -56 -72
 -66 19
 23 119
 -32 -95
 -58 92
 -37 -50
 -86 34
 1 -37
 19 116
 -54 4
 56 39
 -79 23
 -32 -1
 -17 -8
 2 109
 4 -112
 -28 107
 -29 -44
 -37 -101
 -29 -101
 -42 -53
 -73 64
 -64 70
 10 112
 -35 -99
 -39 -108
 -55 8
 -43 -112
 65 -43
 14 110
 -26 -8
 -28 105
 -11 110
 -40 -61
 -75 55
 -37 100
 -16 -37
 -39 -49
 -61 16
 -36 -99
 -45 -92
 58 -41
 -31 -114
 -59 -78
 -44 -68
 -50 -66
 -86 21
 -62 15
 -15 -12
 -55 9
 -74 62
 -65 70
 -52 -74
 5 -111
 0 112
 -85 46
 -39 0
 -14 -37
 -57 -69
 -10 -37
 -88 36
 -59 -74
 -80 37
 51 105
 -73 75
 -74 69
 -20 -11
 -35 -49
 -49 -93
 -86 42
 -74 79
 -51 55
 -54 -75
 -16 -2
 -68 14
 -3 -34
 -47 -90
 -49 -66
 6 114
 -39 -97
 9 -35
 -74 20
 -63 17
 -14 -116
 -34 -99
 30 115
 -56 9
 0 109
 -59 93
 -41 -53
 -26 -116
 -64 16
 -73 47
 62 -42
 -34 -1
 -91 35
 -87 41
 -2 -33
 -38 -57
 -82 22
 -73 59
 -31 0
 -82 42
 -42 -95
 -46 -82
 -92 34
 -48 4
 -24 -4
 -65 -83
 -42 -114
 -62 97
 -65 -80
 -46 -67
 12 -29
 -29 -46
 -66 54
 -56 51
 -37 107
 -71 53
 43 110
 -81 47
 -81 44
 -37 96
 -78 62
 -12 -9
 -7 -10
 -44 -57
 44 110
 -25 102
 -13 107
 -90 26
 5 113
 -60 12
 -67 -80
 50 107
 -40 -48
 -65 53
 -39 -64
 -37 -98
 -34 -115
 -67 15
 -30 -111
 -21 -39
 -7 -9
 4 -32
 -35 -103
 -53 -77
 2 111
 -20 -2
 -10 -8
 -7 -6
 -12 111
 -62 13
 58 36
 -42 0
 76 43
 3 -32
 -9 112
 -69 17
 -37 -116
 34 -33
 -28 -115
 14 -113
 -39 -63
 -3 -36
 -65 90
 -54 -69
 -59 50
 -46 -52
 -26 -5
 -58 -79
 -32 -113
 12 118
 -59 -71
 -34 -103
 -41 -97
 60 101
 -49 -61
 -61 85
 -55 96
 -24 -118
 -85 30
 -19 -118
 -49 -90
 -57 -73
 -88 26
 -35 -57
 -34 105
 -58 -67
 -56 94
 -37 -5
 -33 -115
 -19 -11
 -40 -49
 -33 -101
 -27 -45
 -28 -39
 -2 -11
 -55 14
 -72 59
 42 110
 -71 64
 -28 -47
 -81 62
 -49 4
 -31 -101
 -78 49
 -33 -112
 11 -28
 -53 -75
 -73 56
 -85 35
 -54 -89
 -48 96
 -24 -3
 -62 50
 -41 -2
 -72 75
 -41 -52
 -41 -57
 -50 -89
 -68 -82
 -85 41
 -71 47
 -84 22
 -2 -32
 -68 21
 -50 -73
 -41 -58
 -83 31
 -51 53
 16 117
 -72 63
 -30 -112
 -84 38
 25 118
 -42 97
 -66 85
 -71 68
 27 -30
 -46 -55
 -54 -87
 59 -37
 -33 -49
 37 111
 16 111
 -21 -116
 -51 7
 -36 -1
 -54 -76
 -70 84
 44 46
 -70 22
 8 -29
 -66 71
 -29 98
 7 -111
 -64 69
 -74 48
 52 106
 -33 -104
 10 115
 -69 15
 -53 6
 15 112
 -31 101
 -22 -103
 -70 56
 5 -33
 5 112
 -86 32
 -70 51
 -36 -98
 -70 55
 5 -36
 -88 30
 -55 -76
 -50 -56
 15 111
 -52 -76
 -54 66
 -82 63
 -26 -115
 -1 -38
 -33 -102
 -27 -115
 33 -35
 -45 98
 -49 -53
 -18 -118
 -73 22
 9 114
 -64 -78
 -68 67
 32 114
 -64 54
 -2 -12
 -64 49
 39 108
 -69 67
 -27 -114
 -85 26
 -16 107
 -36 97
 5 -32
 -84 41
 -65 71
 -38 1
 -71 58
 -63 -82
 3 113
 -59 11
 -75 80
 -75 66
 -66 90
 -50 -67
 -85 31
 1 -10
 -48 95
 -61 -79
 -39 -106
 -61 94
 -11 -9
 -16 -7
 -37 -113
 58 -39
 -64 91
 8 111
 -12 110
 -87 33
 -61 64
 -62 -83
 -44 -52
 -83 47
 11 111
 -42 -62
 -59 -83
 41 107
 -45 97
 58 -38
 -39 -117
 -62 85
 -39 -2
 -46 -60
 8 112
 -74 16
 -65 66
 0 -11
 -65 10
 -73 76
 -71 67
 -45 -56
 -34 -104
 -29 -114
 -30 -40
 8 -6
 -93 35
 20 -29
 3 -113
 -28 -112
 -91 42
 -22 -6
 -41 -114
 -50 -79
 -38 -54
 -32 -4
 -61 58
 -58 -77
 -44 96
 -67 38
 -42 -48
 -61 59
 13 116
 -81 41
 -36 -105
 60 36
 -50 6
 17 117
 -56 -68
 -60 -75
 -63 -78
 -44 -93
 -78 41
 15 117
 -70 45
 -6 -7
 -69 66
 -81 19
 -56 -73
 -36 -96
 -56 11
 -57 57
 4 -113
 -51 -74
 -17 -36
 -77 47
 -27 -47
 -62 49
 -36 -56
 -92 33
 -45 5
 26 117
 -8 -36
 -10 -36
 22 119
 -32 -47
 -43 -93
 -12 -35
 -52 -53
 -56 -77
 -53 5
 -71 60
 -41 96
 -11 -43
 -45 -62
 -79 48
 -67 57
 -27 -44
 -31 -5
 8 -110
 -42 98
 -63 -72
 -57 5
 -73 63
 -72 47
 -25 -39
 -59 96
 76 42
 4 -114
 -48 -69
 15 118
 -10 -35
 -87 26
 -63 53
 -46 -53
 28 116
 -43 21
 -49 -78
 -52 -86
 -90 34
 -85 33
 59 -38
 -13 -37
 -2 -34
 -37 -107
 65 -45
 -71 24
 6 -111
 36 110
 46 45
 41 110
 -60 91
 -32 -45
 -59 -73
 -36 -57
 -40 -2
 -51 94
 -31 -102
 -84 18
 16 -111
 -58 96
 -34 -101
 -30 -5
 -67 58
 60 -40
 12 110
 -75 62
 -85 22
 8 114
 0 -38
 -83 36
 -37 -108
 -7 -38
 -48 -56
 -89 36
 -67 72
 -55 67
 -41 -55
 -43 -99
 -82 18
 -51 -68
 -68 17
 2 -35
 -46 -65
 -74 65
 -39 96
 -43 -54
 -58 -88
 22 -28
 -40 -58
 -67 76
 -58 94
 -74 64
 -19 -10
 -49 -75
 -58 74
 -72 71
 -22 -10
 -35 -104
 61 36
 -3 110
 -40 -63
 -63 -84
 -48 -53
 -33 -103
 -53 -54
 -56 49
 -39 -107
 -47 -52
 -79 19
 -76 48
 -65 -78
 -63 11
 6 -6
 3 114
 -49 -67
 -80 62
 9 -110
 -68 55
 40 107
 10 116
 -72 69
 -17 105
 -59 -84
 -67 53
 -69 -79
 -32 -116
 -70 23
 12 119
 -34 -58
 -69 80
 -61 -72
 59 102
 -57 14
 -73 84
 -77 23
 -80 49
 28 -30
 55 106
 -41 1
 -38 -55
 -43 -100
 -34 -6
 -19 -13
 50 108
 -57 -75
 -91 41
 -31 -100
 -31 -40
 -63 87
 -41 -112
 -17 -93
 -82 19
 -83 41
 -21 -4
 -28 -40
 -72 62
 -47 0
 -8 -8
 -64 53
 -45 -69
 -36 -47
 -60 95
 -75 23
 -22 -38
 -81 42
 -52 -68
 -88 39
 -14 -41
 -72 64
 -28 -8
 26 -31
 -52 -73
 -14 -2
 -42 -56
 -25 -6
 -23 -118
 23 118
 3 -112
 -50 3
 70 38
 -45 -53
 -67 66
 -26 -117
 -89 41
 -10 -6
 -45 -54
 -33 -98
 -71 17
 -1 113
 -4 110
 -23 0
 9 112
 -24 -115
 -74 18
 -87 36
 -39 -57
 -47 6
 -88 34
 6 -112
 -68 22
 8 -5
 -7 110
 -58 11
 -86 27
 -92 35
 -57 59
 -60 -79
 -54 95
 5 -38
 -1 -11
 -11 112
 -68 52
 -59 95
 -39 -53
 -37 -112
 -59 94
 -35 -48
 15 119
 -21 -7
 -24 99
 -53 7
 -63 49
 39 110
 -24 -8
 1 -38
 4 112
 61 37
 -31 -103
 -68 81
 5 -112
 -61 11
 -39 98
 -67 65
 -88 35
 -48 -88
 -71 80
 9 120
 -70 67
 -73 66
 -55 -80
 -46 -57
 -25 -40
 24 116
 -43 96
 -37 -47
 -61 51
 -36 -116
 -31 102
 -82 49
 67 38
 -19 -39
 -35 -4
 -50 4
 -28 -44
 -62 91
 -37 106
 -32 -114
 43 -35
 -60 -72
 -57 -74
 -40 -50
 -35 -114
 -69 75
 -64 95
 -12 -41
 -9 -9
 -60 60
 -65 67
 -48 -74
 -55 -67
 -30 -39
 -35 1
 45 110
 -89 34
 -57 9
 -50 -76
 -81 25
 -88 41
 -71 79
 -32 106
 -85 43
 -18 0
 -24 -38
 -78 21
 -26 -4
 -47 98
 5 -30
 28 115
 -12 109
 -89 40
 7 -29
 -71 84
 62 38
 -8 110
 62 39
 9 -29
 -20 105
 -53 -78
 -16 -41
 -83 46
 -37 -97
 -1 114
 -7 -7
 -7 -34
 0 -113
 -52 3
 -30 -116
 -76 16
 -35 -47
 -14 -117
 -53 -71
 -54 -67
 60 37
 -36 -107
 17 111
 -51 -78
 -70 -79
 -55 7
 -85 32
 -45 -65
 -50 -68
 9 111
 -86 39
 -66 91
 -15 -37
 1 -33
 -48 -54
 -36 1
 -2 109
 -33 102
 -19 -40
 -40 0
 44 109
 3 -33
 25 117
 30 -31
 -25 106
 -72 52
 -73 79
 -48 6
 42 -35
 -54 67
 -33 105
 -57 10
 -70 70
 -28 -7
 -73 53
 -62 -79
 -18 -11
 -74 47
 45 109
 9 113
 -8 -37
 -33 -113
 -86 48
 -25 -115
 56 38
 31 -32
 -35 -50
 -48 -68
 -60 50
 -47 -54
 -49 -89
 -46 -66
 12 -30
 -22 -12
 -9 111
 -12 -38
 -70 15
 -79 47
 -68 -80
 -41 99
 -87 40
 -23 -119
 -38 -97
 -72 66
 -58 95
 -60 -83
 -10 -10
 16 115
 -5 -10
 -7 -8
 -39 -62
 -35 106
 -66 53
 -64 -79
 -12 -42
 -84 42
 -51 4
 -58 12
 -83 25
 -22 -1
 -70 52
 -90 35
 54 37
 -39 -48
 -52 -85
 -4 -34
 -83 42
 59 -39
 -52 -78
 -27 105
 -42 -54
 -71 83
 -56 -88
 -82 61
 -38 -98
 16 -30
 -11 107
 -64 87
 -26 -118
 3 -114
 20 -28
 -57 -71
 -6 -34
 -85 29
 37 -34
 -40 -114
 -32 -112
 -46 95
 -10 107
 -52 2
 -83 45
 -87 27
 -33 -2
 -30 102
 -70 75
 -81 49
 -23 -12
 2 113
 -77 41
 -75 69
 -30 -45
 -47 -89
 33 114
 -23 -117
 6 -29
 -1 -37
 -17 -11
 -22 -11
 -61 -84
 -59 -72
 55 107
 -39 -47
 -59 -80
 -27 -8
 11 120
 -65 69
 -72 43
 -14 -10
 -56 5
 -39 22
 -40 96
 -12 -10
 53 105
 -68 -79
 -6 -8
 -13 -9
 -94 33
 -6 111
 -55 -78
 -55 -73
 -29 -118
 -47 -92
 -84 39
 -81 45
 -38 -49
 -34 -5
 -76 17
 -25 105
 -27 -40
 -15 -2
 -61 -73
 -37 -99
 21 108
 -38 -53
 62 101
 -34 106
 -27 -46
 -56 -78
 -17 -10
 -8 -9
 16 116
 -66 59
 -61 57
 -81 23
 -30 -1
 -83 40
 -75 63
 -69 71
 -57 -72
 -24 -5
 -43 -61
 7 -4
 -34 -57
 -56 -69
 -47 -65
 20 -27
 -70 53
 -39 107
 -63 86
 -17 -41
 -76 19
 6 -5
 -24 -6
 -13 -41
 -21 -118
 -35 -58
 -2 -36
 17 116
 -68 84
 -53 4
 -13 110
 -44 -59
 -16 -3
 47 48
 8 -114
 -71 75
 -52 54
 -48 5
 14 118
 -47 3
 -9 -36
 55 38
 -34 -102
 75 42
 -37 -59
 -53 -87
 -54 -72
 -36 -101
 -43 -58
 7 112
 5 -28
 -62 48
 -40 -115
 22 118
 59 37
 -72 84
 -67 79
 -57 11
 3 -37
 26 -30
 -19 -9
 27 -29
 -49 -76
 -53 -76
 7 -3
 -47 -68
 -20 0
 -60 10
 -71 59
 -72 58
 8 -28
 -21 -9
 2 -114
 -89 30
 -47 -82
 18 112
 -48 -87
 -27 -48
 -27 -116
 -80 61
 47 45
 -69 46
 -38 -100
 26 116
 -16 -10
 -39 97
 -82 46
 -58 58
 -40 -112
 6 113
 44 111
 -11 111
 -46 -78
 -32 -115
 -56 7
 -43 98
 42 109
 -36 -114
 -70 66
 -27 -6
 -70 50
 -50 5
 -67 84
 34 115
 -67 90
 -57 -82
 1 -111
 -39 -99
 66 -43
 -30 -41
 -63 -77
 -36 -102
 -74 63
 -69 53
 -79 49
 -69 79
 -48 -76
 62 -41
 -73 69
 -17 -40
 -77 63
 -73 67
 -36 -54
 -51 -67
 -14 -42
 -15 110
 -66 -82
 -50 -80
 -69 56
 -73 65
 -30 -95
 -65 86
 -64 59
 -33 -57
 26 -32
 -61 50
 28 114
 -46 4
 -9 110
 13 119
 -36 -50
 -56 -67
 -40 1
 -28 -118
 -84 48
 -34 -2
 -12 -116
 -38 -2
 -19 -119
 2 -113
 -35 -109
 -38 -48
 -81 43
 -75 22
 -82 45
 -31 -118
 -62 10
 -62 -72
 53 -41
 -62 84
 29 -30
 -77 62
 -82 24
 30 -34
 -18 -40
 -29 -8
 22 116
 -25 -3
 -51 -89
 -54 -85
 -34 -105
 -62 -82
 -37 -57
 -76 47
 -24 -117
 -66 -83
 51 107
 -29 99
 -47 -75
 5 -114
 -18 104
 -37 97
 -42 -63
 58 -40
 -71 78
 -40 -99
 -86 30
 40 108
 -68 56
 -37 1
 -67 59
 0 -35
 -74 61
 0 -10
 -1 -34
 -1 -35
 1 -36
 -38 -99
 61 96
 -37 -58
 -21 106
 -82 23
 9 -3
 -84 21
 -38 -62
 -60 9
 64 -41
 -57 -78
 -34 -100
 -66 58
 7 -30
 -43 -84
 7 113
 11 -29
 -73 21
 -33 -100
 58 38
 -79 43
 35 112
 -57 96
 1 113
 -55 12
 -4 -32
 -44 -60
 -71 56
 -26 98
 -29 -115
 -37 -2
 -14 -40
 -39 1
 -18 -119
 -19 -41
 -40 97
 4 113
 -66 -81
 -47 -61
 -43 -53
 -87 35
 -58 -74
 -62 16
 -35 -115
 -78 47
 -37 -117
 -62 95
 -75 64
 -73 71
 -53 -86
 -32 -6
 7 108
 -16 -93
 -60 97
 -58 -73
 -65 15
 -83 30
 -71 23
 -37 -100
 -81 21
 -30 0
 -83 62
 -40 -57
 -43 -62
 24 119
 -40 -97
 20 113
 -70 17
 56 -40
 -34 -47
 -59 9
 -52 -75
 -47 4
 -37 -53
 -59 58
 -3 -9
 -84 23
 -86 40
 -53 13
 -57 44
 -86 62
 -84 45
 -80 46
 -5 -9
 -54 7
 -56 -74
 -52 -79
 8 -4
 -72 79
 2 -110
 -31 -46
 -4 -33
 -55 -71
 -24 -10
 -65 -79
 -59 57
 -14 109
 -35 -102
 -54 -73
 -56 96
 -81 20
 -21 -13
 -82 48
 -14 -3
 -28 -5
 -19 105
 -86 33
 -39 -116
 -78 46
 -45 -55
 -73 58
 -20 -119
 -87 30
 -34 -116
 -38 96
 -64 71
 -62 96
 -22 -4
 75 40
 -71 65
 -49 8
 -21 -40
 41 108
 -85 63
 -34 -97
 -22 1
 -1 -36
 -37 -96
 -40 98
 -35 97
 -20 -12
 -84 46
 -69 59
 9 -30
 -15 -40
 -55 -87
 9 -28
 -69 58
 -48 -93
 2 112
 -77 19
 -23 -115
 13 110
 -86 47
 -30 -114
 53 107
 -42 -1
 5 -113
 -73 37
 8 113
 8 -113
 -12 -37
 -20 -10
 -8 109
 -63 78
 -51 -54
 -84 62
 -36 -51
 -89 35
 -61 17
 5 114
 65 -44
 -70 71
 -55 -77
 -20 -40
 -33 -106
 -72 57
 -49 6
 -64 85
 -55 10
 -73 55
 -69 76
 -87 22
 -35 105
 -70 68
 -43 -52
 -68 51
 -65 16
 -31 -47
 37 -33
 -44 -54
 -59 59
 -39 -56
 -40 -56
 -78 43
 -59 6
 -58 -80
 -65 -82
 -34 -4
 -41 -54
 -5 110
 -90 31
 -33 -3
 -72 83
 -51 -61
 4 -111
 43 108
 15 116
 -47 -93
 10 -29
 -69 61
 -58 10
 -62 -78
 -69 84
 24 117
 -30 100
 18 116
 -60 94
 -71 63
 34 114
 -26 106
 -14 108
 -34 101
 -76 44
 -19 -12
 -15 -3
 -41 95
 -79 41
 13 -29
 -84 19
 -48 -66
 -75 21
 -29 -116
 -61 10
 -69 60
 -73 17
 -41 -49
 34 -35
 -78 19
 -71 21
 -63 10
 0 -9
 -76 22
 -56 -76
 -39 -101
 -43 99
 -38 -112
 -58 97
 -36 -94
 -41 -48
 26 114
 -54 10
 -5 -36
 -88 42
 -21 -119
 -29 -107
 22 -29
 -51 -77
 -28 -114
 -56 6
 -3 -32
 -31 -99
 -33 -1
 -39 -93
 -93 42
 -37 -49
 -44 97
 -86 37
 -14 -11
 -82 26
 13 118
 -57 60
 -8 -7
 24 -30
 -67 85
 -54 -66
 -8 -10
 -35 -100
 -87 42
 -36 -7
 -43 -57
 -68 71
 15 -29
 -62 63
 -28 -41
 -78 23
 -80 48
 -16 -40
 -66 14
 -48 3
 -57 93
 -29 -4
 -53 -74
 -70 63
 -54 -78
 -38 -50
 -73 15
 54 106
 10 -28
 -70 57
 8 116
 8 -115
 -20 -39
 -52 -70
 -52 5
 -48 -89
 -9 -6
 -7 -33
 41 109
 -23 -7
 -66 15
 -58 57
 -73 80
 -66 86
 -54 -71
 0 114
 -47 -56
 -56 -71
 -90 40
 -75 71
 10 -114
 -68 23
 -49 95
 -27 -5
 -87 39
 -83 44
 -85 23
 -49 93
 -45 -52
 -70 58
 64 -42
 43 109
 -53 -67
 -45 0
 -44 -58
 -64 51
 -66 51
 -80 42
 -66 -80
 -57 95
 -47 -60
 -21 -12
 17 109
 -18 -10
 -79 20
 -74 80
 -30 99
 -10 110
 -74 22
 -64 50
 10 114
 -30 -3
 -35 -53
 -88 31
 -17 -12
 -53 -89
 -46 96
 -2 -13
 -35 -2
 -22 -119
 11 -30
 -69 52
 -36 -3
 24 118
 -62 17
 -55 -75
 -75 75
 -88 40
 -23 -5
 -42 -58
 57 102
 -29 -45
 -64 15
 -30 -44
 -60 13
 -56 10
 4 114
 53 106
 -63 85
 15 110
 -61 49
 -52 -77
 42 108
 -58 14
 -14 -38
 32 115
 -65 72
 -5 -33
 -77 21
 -66 72
 6 -114
 56 103
 -35 -108
 -24 -11
 -5 109
 -87 34
 32 -33
 57 -38
 -38 -1
 -72 82
 -18 105
 -82 21
 -47 -91
 -83 32
 -49 -54
 -89 27
 -38 97
 4 111
 -63 96
 -72 74
 -29 -5
 3 -110
 -54 6
 -35 -112
 -70 83
 -32 -3
 56 -39
 -85 42
 -80 63
 -49 -60
 -83 43
 -29 -47
 -36 -48
 10 -110
 36 113
 -80 21
 18 -27
 -50 95
 -88 37
 -58 59
 -57 -76
 -60 -80
 -50 -74
 -48 94
 -7 -37
 -29 -112
 -25 -117
 -85 39
 -39 -52
 -78 22
 -39 -114
 -60 96
 -83 63
 -59 16
 52 107
 -71 52
 -51 54
 -42 -93
 -25 -118
 -67 86
 -65 85
 -50 2
 -1 -33
 30 114
 -31 -4
 6 -113
 -38 -113
 -39 -100
 -51 5
 -15 -41
 -79 34
 -55 -88
 -56 95
 6 -4
 -90 42
 -52 6
 -46 3
 36 112
 -74 17
 -71 82
 -4 109
 -68 15
 -63 95
 -57 -79
 -10 109
 -61 95
 -49 -68
 -55 95
 17 110
 -65 -84
 -34 -107
 39 -34
 -70 82
 -58 93
 -54 5
 14 116
 -78 61
 57 -37
 14 117
 -36 -93
 -26 -7
 -32 -5
 -63 91
 -21 1
 -84 20
 7 -33
 -46 -54
 -37 -115
 -87 25
 -62 38
 -50 -75
 -10 -9
 -68 83
 -26 -114
 -65 65
 -69 65
 -27 -39
 -65 57
 -37 -95
 -51 -79
 -82 47
 -27 -117
 -69 57
 -28 106
 -29 -108
 -44 -53
 -33 -40
 -71 15
 -71 66
 -52 -71
 -4 111
 -45 96
 -71 76
 -41 -100
 -64 17
 42 111
 -50 -93
 -3 109
 -44 0
 -31 -115
 10 119
 -19 106
 -37 -103
 -34 -7
 -64 82
 -15 -36
 -38 -116
 -35 -5
 -70 73
 -28 -4
 -68 54
 -16 108
 -59 60
 -5 -37
 -41 97
 0 -36
 -82 20
 -38 -51
 -50 -53
 -89 42
 -67 54
 -68 -83
 -69 78
 -55 5
 -76 49
 -38 -115
 -68 58
 -40 -54
 -77 64
 -35 -106
 -81 48
 -1 -32
 59 36
 -69 72
 -57 6
 -63 -83
 -2 -35
 -68 68
 -45 -89
 -30 -47
 -84 47
 -43 97
 -37 -46
 7 -28
 -41 -56
 37 112
 -34 -59
 -76 21
 39 -33
 -43 -63
 75 41
 -35 -113
 -39 -113
 -49 -91
 13 111
 -41 -99
 -35 -3
 -44 -94
 6 112
 -35 -101
 -32 -106
 -64 -82
 -37 -48
 -4 -10
 -90 39
 -35 -98
 -18 -8
 -42 -59
 -68 57
 -60 92
 11 119
 -37 -4
 -80 23
 -63 71
 -60 59
 -83 48
 -41 98
 -68 50
 -34 -112
 1 114
 -39 21
 -41 0
 -15 -10
 4 -29
 -65 79
 -15 -11
 3 -111
 -52 4
 -51 -76
 -33 -114
 -5 -8
 -73 68
 5 -110
 -84 26
 -16 -92
 -56 -75
 -42 -94
 21 116
 -40 -1
