 -126 43
 -122 33
 -101 -79
 -84 3
 -108 72
 -86 96
 -9 -20
 -108 58
 -94 -72
 -134 39
 -94 -82
 -54 -33
 -95 7
 -107 48
 -69 -109
 -66 -43
 11 -20
 -112 73
 -75 -52
 -49 -127
 -59 -108
 -35 -16
 28 123
 -21 -20
 -78 -60
 -106 48
 -116 64
 54 -29
 -61 -114
 -121 40
 -10 -20
 3 128
 3 -20
 65 100
 -113 12
 -62 -110
 75 36
 -92 -86
 -74 -4
 -95 -82
 72 35
 -38 117
 -93 -82
 -74 -64
 -76 -1
 -84 103
 -68 -110
 -94 -84
 -90 7
 -45 119
 -121 22
 -105 79
 -86 -64
 -73 -98
 50 -29
 -57 -110
 -118 40
 -31 -20
 -73 -50
 -106 50
 -74 -53
 -87 95
 -2 -120
 54 -28
 -74 -98
 -58 117
 -93 -80
 -87 87
 -91 -61
 -36 113
 -45 118
 -53 -32
 -99 -69
 -69 -97
 -107 66
 27 124
 -26 119
 -91 101
 -37 -18
 -68 -112
 -71 110
 -108 65
 -56 115
 -89 9
 -87 -63
 -78 -55
 -111 72
 -18 124
 -81 107
 36 -38
 59 32
 -89 98
 -108 48
 39 119
 -127 42
 -49 118
 -110 72
 -107 13
 -55 -34
 -24 -128
 -57 -32
 -32 -24
 -88 -82
 -104 75
 -74 -46
 -93 8
 -45 -14
 -96 -86
 -122 11
 -117 35
 -69 -10
 -83 -92
 -12 124
 -68 -111
 -58 -32
 -116 20
 6 -18
 -87 8
 -91 87
 -58 115
 -71 -98
 -45 -15
 -115 64
 -72 -8
 -93 -72
 -62 -41
 -83 1
 -94 6
 -42 -17
 -3 128
 -110 70
 -76 -5
 -111 57
 -62 -43
 50 119
 -40 118
 -24 -127
 -92 -72
 -120 30
 -39 -126
 -106 10
 -19 119
 -115 66
 -102 78
 -71 111
 -60 113
 -81 -60
 22 125
 -109 50
 -64 -41
 -79 100
 1 -19
 33 -22
 -67 -37
 -99 10
 -12 -24
 -97 81
 -36 -26
 -79 -61
 47 119
 -108 71
 4 129
 -103 72
 -130 40
 -54 -14
 -35 -21
 -113 23
 -115 32
 -90 99
 -68 -10
 -118 31
 -57 115
 -92 -90
 62 106
 -10 127
 -3 130
 21 -19
 -96 7
 -114 59
 12 124
 -68 -9
 -69 -62
 -50 119
 -90 85
 -115 14
 -114 16
 -119 22
 -75 -3
 -74 -63
 -102 82
 -112 72
 -77 -94
 -70 -62
 -121 41
 -73 -93
 -43 -15
 0 129
 46 116
 -75 -59
 -61 -108
 -67 108
 -29 -21
 -106 29
 -49 -10
 -98 10
 -66 115
 -93 6
 -113 65
 -41 -18
 -61 -11
 -74 -92
 -114 15
 -117 11
 -112 16
 -106 12
 -48 118
 -10 -124
 -112 71
 -69 -64
 -34 116
 -63 -127
 -67 111
 -93 101
 -69 -46
 -54 -127
 -117 64
 -52 118
 -121 23
 -47 -31
 -57 -125
 79 44
 -76 -60
 -38 119
 -99 9
 -125 42
 -103 -79
 -69 111
 -71 -48
 -113 14
 -58 112
 -47 -32
 56 -31
 -44 119
 -92 99
 -59 115
 -107 49
 -36 112
 -91 84
 -31 -27
 -31 117
 -93 87
 -44 -17
 -68 -44
 -113 31
 -34 119
 -121 64
 -62 -105
 -117 40
 -90 -64
 -115 15
 -79 107
 -105 43
 -123 22
 -12 127
 -27 -20
 -70 -6
 -24 -25
 -81 -56
 -82 -94
 -77 106
 -42 -26
 -109 49
 -89 2
 -36 -31
 -86 -82
 -127 43
 -88 2
 -33 -26
 -98 83
 -125 33
 -17 -25
 -123 33
 -124 36
 77 38
 -111 66
 -101 75
 -21 124
 -80 -2
 -90 4
 -91 10
 -93 -81
 -81 -5
 -89 -65
 34 -24
 -84 90
 -117 58
 -28 -128
 -63 -113
 -118 65
 -64 113
 -40 -17
 -74 -47
 -80 -60
 -23 -26
 -113 73
 -47 117
 -85 105
 -97 10
 -80 104
 23 -20
 -83 104
 14 -18
 -63 -36
 -93 81
 4 126
 -109 10
 -106 9
 -116 21
 -62 -106
 39 118
 -92 97
 -111 47
 -11 123
 -70 -109
 -92 81
 -114 61
 -76 -4
 -84 -65
 62 98
 -105 76
 -90 9
 -88 4
 -68 111
 16 -18
 -118 14
 -35 -26
 13 -20
 -60 -42
 -67 -8
 21 -20
 -14 124
 -117 21
 24 -25
 -77 -46
 -110 15
 -112 27
 -83 -52
 -72 -99
 -116 14
 64 98
 -21 121
 -75 107
 -59 114
 37 119
 59 -29
 -99 72
 -22 122
 -59 -11
 -89 -63
 -95 -86
 -74 -55
 -112 68
 -11 -117
 -76 -58
 -101 73
 -107 43
 -86 -91
 -26 -20
 -3 -120
 -111 15
 -86 -92
 -84 -1
 -24 119
 -92 -63
 -116 12
 -120 11
 57 -28
 -65 111
 -52 115
 47 -28
 -62 108
 -50 -12
 -87 4
 -28 -21
 20 127
 -118 66
 -67 110
 -106 28
 -128 42
 -84 -94
 -59 -125
 -66 -109
 -71 -53
 -66 -40
 -93 7
 32 -22
 -79 -62
 -21 125
 -66 112
 -123 41
 -105 71
 -69 -8
 -65 109
 24 125
 -66 -117
 -64 -107
 -63 109
 -80 105
 -110 19
 -66 106
 -86 -93
 -36 111
 -86 -61
 -65 108
 -106 55
 -89 -67
 -51 -32
 -87 96
 9 -20
 -17 -24
 -64 -38
 -108 27
 -113 22
 -91 81
 -112 59
 -121 58
 -85 -77
 18 -17
 -20 123
 -115 61
 -125 34
 -85 88
 -66 -110
 -63 111
 -116 57
 -84 96
 -85 0
 -69 110
 -120 31
 -92 -60
 -38 -31
 46 -29
 -84 -63
 -132 37
 -103 13
 -60 -109
 9 127
 -33 -27
 -98 81
 -22 -18
 -91 -83
 -39 -127
 -107 28
 -94 85
 -105 47
 20 -17
 -36 -32
 -108 26
 -89 86
 -85 103
 -103 51
 33 125
 -18 -23
 21 -23
 -91 -89
 -69 -9
 -75 -94
 -72 -111
 -78 -63
 -75 -63
 -67 -5
 -75 -51
 -7 -123
 -126 36
 59 -31
 -54 -34
 -27 -25
 -76 -63
 -124 34
 21 -21
 -91 -75
 -52 -128
 -15 -22
 -76 -61
 -22 -28
 -110 49
 -79 104
 -91 86
 -127 32
 -71 -64
 -92 -85
 -115 60
 -128 43
 -64 -99
 -2 127
 -80 0
 -77 -52
 -65 114
 -118 57
 -87 -64
 -105 48
 43 -32
 -38 -25
 -108 73
 -119 65
 79 39
 -116 25
 -118 22
 -88 98
 -61 -36
 -66 -35
 -115 67
 -95 8
 -92 85
 -100 74
 -35 111
 -65 -39
 -113 61
 -95 10
 -110 25
 18 127
 -85 93
 -75 -56
 -108 51
 -90 -66
 -118 26
 -32 -25
 -114 13
 -63 -106
 38 -24
 -68 -47
 -54 -15
 -70 -99
 -85 98
 -38 -17
 -97 74
 -87 -62
 -102 79
 -111 11
 -96 6
 -117 65
 -12 -19
 -110 18
 -31 -21
 -105 74
 -89 -78
 -97 38
 -87 101
 -53 -16
 11 125
 -87 -95
 -42 -27
 -37 -20
 -107 22
 -47 -128
 -39 -20
 -79 -51
 -90 58
 -96 -70
 -79 109
 -109 56
 -52 117
 -104 55
 -92 -68
 -77 -62
 -90 91
 -119 29
 -78 82
 -27 -127
 -112 74
 -111 73
 -117 12
 -120 21
 -115 11
 -77 -2
 -70 -8
 -59 -10
 -96 81
 -115 13
 13 -18
 -79 -55
 -11 127
 -57 -15
 5 -20
 -44 -128
 -84 97
 -92 -89
 -19 122
 -51 118
 -65 -40
 -68 -97
 62 30
 -39 -21
 -16 -23
 -54 113
 -47 119
 -64 -7
 -98 76
 -32 117
 -104 76
 -71 108
 -113 19
 -61 -127
 -74 -60
 -65 112
 -82 -95
 -116 16
 -104 71
 -16 -22
 -7 -18
 -38 116
 -5 128
 -116 58
 -50 -33
 -72 -62
 -78 -3
 -79 -59
 -9 -19
 -60 -103
 -68 -7
 -89 99
 -40 -26
 -81 4
 -50 -30
 -107 65
 -77 -3
 -61 -105
 -91 6
 -109 55
 -70 -97
 -14 -24
 -93 -59
 -79 -60
 -65 -105
 -76 108
 44 -32
 -2 -20
 -110 50
 -109 65
 -118 33
 -26 -128
 -105 78
 -122 23
 -125 40
 76 37
 -93 -68
 -74 -65
 -60 -106
 -94 -73
 -126 42
 -75 -54
 -109 26
 -1 -20
 -83 102
 -64 -111
 7 -20
 -89 97
 -61 -50
 -106 67
 -15 -25
 -106 58
 34 123
 -117 23
 12 -20
 -24 122
 -50 117
 -106 56
 -115 23
 -101 79
 -50 -14
 -86 90
 -100 58
 19 127
 -26 121
 -116 26
 -95 -80
 -113 66
 -79 -2
 17 128
 -134 37
 -113 70
 -90 -86
 14 -20
 -78 -52
 -65 -111
 -59 -106
 -1 129
 -65 -125
 -105 66
 8 -19
 -22 -19
 -73 -92
 -9 126
 -35 -25
 -119 21
 -119 35
 -101 56
 -63 -117
 -88 97
 -56 -34
 -16 119
 -64 -34
 -131 41
 -84 -82
 -117 34
 -107 44
 -41 -25
 -63 -38
 -64 -43
 -116 22
 -50 116
 -87 102
 -59 -105
 -6 -21
 -52 -14
 -101 81
 -66 -48
 -17 -22
 -86 104
 19 126
 -78 -61
 -113 11
 -94 -80
 -36 -20
 29 124
 -60 118
 -116 19
 -113 15
 -2 128
 -98 9
 -87 90
 -97 -92
 -104 64
 -18 -22
 -111 27
 -30 117
 -76 -2
 -30 -28
 -45 -17
 63 105
 -122 30
 -134 38
 -79 -93
 -34 -26
 -110 71
 -91 -90
 -102 77
 -74 -5
 56 -28
 -103 64
 -96 -73
 -103 79
 -91 -67
 -119 66
 -76 107
 -116 23
 -67 -112
 -102 71
 -94 -88
 -45 -26
 -62 -35
 -127 37
 -112 19
 -79 -94
 -62 113
 -92 -81
 -26 -127
 33 -25
 -96 38
 -124 23
 46 117
 6 127
 -66 113
 -43 -128
 -110 26
 -14 -25
 -89 -83
 -119 64
 60 29
 -85 -62
 -131 38
 -44 118
 -36 -19
 -52 -41
 -38 -19
 -14 123
 -18 123
 -120 32
 -113 71
 -30 -22
 -95 -93
 -34 112
 -70 -112
 -91 2
 -115 20
 -85 -73
 -55 117
 -114 29
 -62 -111
 -6 127
 -23 -128
 -92 -91
 -57 117
 -70 111
 -89 -60
 -30 -24
 -29 -28
 -114 50
 -86 3
 -94 10
 -70 110
 -66 -119
 -17 -34
 -21 122
 -50 -128
 -78 108
 -57 -11
 -119 31
 -114 17
 -40 -20
 -50 -13
 -28 -27
 -118 60
 -37 119
 0 -121
 -91 -65
 -97 -79
 -32 -23
 -56 113
 -82 4
 -65 -106
 -116 15
 36 119
 -69 109
 -84 0
 -14 -21
 10 126
 34 -23
 47 -30
 -66 111
 -92 -84
 -114 65
 -106 71
 -36 119
 -94 -85
 -46 -29
 -49 -30
 26 123
 -72 -110
 -90 8
 -68 -109
 -95 -72
 -70 -10
 -111 28
 -80 100
 -39 -18
 -60 -123
 -112 50
 -79 -1
 -75 -1
 -85 101
 -18 -26
 -72 111
 -80 101
 -116 28
 -112 69
 50 -28
 -88 99
 -61 -125
 -8 -124
 -7 -124
 27 -20
 -84 5
 -53 -127
 -25 -128
 -72 -46
 -86 89
 -71 -7
 -124 42
 -87 -75
 -61 -44
 -82 2
 44 -28
 -43 118
 -74 108
 -15 -24
 -67 106
 -118 18
 -64 -42
 -7 126
 -64 -10
 -76 -98
 -68 -117
 -102 13
 -113 16
 -70 -9
 8 -18
 60 -30
 1 129
 -101 83
 -102 -78
 45 -27
 -51 -125
 -115 65
 -110 66
 32 122
 -85 -51
 -73 -99
 -13 -125
 -119 33
 -65 106
 12 125
 -99 78
 -88 91
 -73 108
 -90 86
 15 126
 -57 -33
 -63 -42
 -42 -18
 -79 0
 -16 118
 -104 13
 21 127
 -101 78
 -93 -92
 -66 -118
 -31 -25
 41 -32
 -70 -110
 -67 -35
 -80 106
 25 125
 -108 70
 -114 28
 -73 -110
 -39 -29
 -75 -57
 -114 23
 -92 80
 52 -29
 65 31
 -7 -25
 -9 127
 -67 -9
 -40 117
 -94 99
 20 126
 -91 80
 -72 108
 -83 -51
 -80 -61
 -114 67
 -28 -25
 -70 -125
 -105 13
 -81 -94
 -59 -43
 -65 -38
 -39 -30
 -70 -103
 -83 -91
 -106 45
 -115 71
 26 124
 13 126
 -65 -47
 -114 12
 -64 -125
 -106 73
 -49 -12
 -91 -60
 -114 24
 -111 16
 -113 13
 -119 57
 -68 -8
 -40 -126
 38 119
 78 43
 -75 -65
 -108 10
 -48 -17
 -28 -26
 1 -21
 -84 -95
 -132 36
 -66 -34
 -113 20
 -94 -70
 15 -18
 -64 114
 -92 8
 -135 38
 -112 47
 -107 71
 29 121
 5 -21
 -43 -30
 -90 -60
 -70 108
 -123 58
 13 123
 -119 24
 34 122
 -62 -107
 -110 13
 1 -18
 -70 -48
 -18 125
 -53 117
 1 -17
 -75 -46
 -39 -28
 -60 -37
 -115 19
 -1 -17
 -55 -126
 79 42
 -100 9
 -89 -75
 -114 66
 -85 3
 -60 -43
 -75 -60
 -68 -104
 -95 101
 -123 23
 -63 -40
 -41 -31
 -101 74
 -90 81
 -35 118
 -115 16
 -74 -2
 33 123
 -45 -122
 33 124
 -11 -125
 -82 9
 35 -23
 -70 -49
 -114 72
 -61 -38
 -59 -12
 -118 67
 3 -19
 -65 -48
 62 29
 -62 -34
 -65 110
 -71 -63
 -90 -90
 -93 -75
 43 -30
 -22 121
 -67 -109
 -66 108
 -63 -45
 -103 10
 -84 -91
 -87 103
 -69 -53
 -123 36
 -107 67
 57 -31
 4 127
 -114 11
 -88 90
 -133 41
 -95 -91
 -102 70
 -112 70
 -101 9
 -80 -93
 -94 102
 -110 69
 -110 22
 -8 -25
 -42 -128
 -52 -126
 -93 9
 -81 0
 -99 82
 -109 72
 -102 83
 29 119
 -97 -69
 -66 -61
 -59 -14
 -35 -17
 -68 -35
 66 31
 63 97
 -112 67
 -62 -38
 -86 2
 -111 49
 32 -23
 -81 105
 -63 -109
 -86 -62
 -77 107
 -62 -8
 -77 -56
 -79 2
 9 -19
 -76 -62
 -70 -64
 -64 -108
 -122 39
 -108 11
 -90 87
 -8 -123
 -76 -3
 -113 27
 -88 -65
 -67 -45
 -114 57
 -107 11
 -17 121
 -118 13
 -12 -21
 -66 -8
 -88 -66
 -30 119
 -112 13
 -53 116
 -80 -63
 -104 9
 -99 -79
 -43 -18
 -117 15
 -65 -107
 -96 -89
 -116 65
 -26 -26
 -75 96
 -71 109
 -131 36
 -49 -13
 63 29
 -62 -44
 -62 -11
 -71 -65
 -72 -56
 0 128
 -77 104
 -62 -10
 -3 127
 -55 -15
 -104 74
 -46 118
 -70 107
 66 32
 -82 -3
 -50 118
 -63 -114
 22 -20
 -129 38
 -89 -64
 -73 -8
 41 -24
 -64 -105
 -94 -81
 17 -18
 -81 -2
 -73 -65
 -88 100
 -90 101
 -136 38
 -47 -127
 -75 -4
 -15 124
 -121 32
 -62 -112
 -57 113
 -69 -1
 -67 -110
 -73 111
 -85 99
 -21 123
 12 -18
 -40 -31
 -50 -31
 -127 33
 -90 -83
 -86 93
 -67 -42
 -110 46
 -123 30
 -96 5
 -60 -105
 -82 107
 -32 -26
 -108 28
 -95 -92
 -59 113
 -84 93
 -91 -64
 -85 90
 -35 119
 -110 9
 -35 117
 -68 106
 -94 -69
 -81 -52
 -65 -37
 -10 123
 -49 -17
 -77 -47
 -93 -83
 -111 50
 -90 -63
 56 -29
 -103 84
 -133 36
 -115 31
 -85 -94
 -43 -17
 -88 89
 -78 -64
 11 127
 -73 -63
 -84 4
 -83 -95
 -14 -23
 -108 44
 -107 55
 -65 -41
 -88 -91
 -90 6
 -61 -8
 -75 -2
 -61 -117
 -18 -25
 -39 -19
 -33 112
 -68 -38
 -120 34
 -100 78
 -53 -128
 -92 -80
 -67 -98
 -73 -54
 -8 123
 -71 -8
 -130 37
 -92 100
 -104 54
 -101 71
 -89 94
 -50 -32
 -86 102
 -108 9
 -34 -24
 -19 -19
 -79 -53
 -67 -41
 -53 -14
 -111 67
 -22 125
 -100 83
 -88 85
 -36 -128
 -91 99
 -107 12
 -92 -59
 -60 -124
 -71 -99
 -50 -125
 -86 5
 50 -30
 -7 128
 -110 73
 -61 -51
 -46 -15
 -90 -78
 -93 -70
 -114 58
 -118 19
 -87 -60
 -110 68
 -65 -108
 19 -18
 -115 63
 61 -33
 -51 -128
 -41 -21
 75 37
 -66 -44
 -99 74
 -80 -1
 -94 80
 -77 -61
 -5 127
 -9 -125
 -78 -62
 -9 -18
 -79 106
 -64 112
 14 128
 -78 5
 -87 7
 -103 75
 -66 -111
 -72 -2
 -52 116
 -95 -81
 -104 50
 27 125
 -91 8
 -104 49
 -110 59
 -95 100
 -118 12
 -32 -27
 -55 -32
 -66 -38
 -96 80
 -59 112
 -123 32
 -116 29
 -116 63
 48 -29
 -34 -20
 -120 29
 -78 -4
 -128 37
 -44 -29
 -72 -47
 -50 115
 6 -20
 -116 13
 -42 -19
 -83 93
 -34 -121
 -58 113
 -86 103
 -118 36
 -69 -110
 -90 10
 -61 -126
 -91 -74
 -62 -109
 -97 82
 -75 108
 -90 -59
 17 127
 -68 -48
 -47 -13
 -4 126
 -79 108
 -78 -2
 -20 121
 15 128
 -43 -31
 58 28
 -35 -27
 29 122
 -67 -46
 -28 119
 -40 -19
 -86 -65
 18 126
 3 -18
 -63 -44
 7 127
 -77 5
 -110 41
 -97 6
 -57 112
 -69 -47
 -113 28
 -25 -26
 -48 -29
 -15 -124
 -69 -45
 -88 -63
 -30 -25
 -120 58
 11 126
 -116 30
 -27 -19
 21 126
 -112 60
 -13 124
 44 -31
 51 -28
 -61 -113
 -84 104
 -98 84
 -82 -63
 -116 27
 -32 118
 -87 88
 -71 -35
 -6 -20
 -85 -81
 -85 5
 -41 -30
 -96 10
 -80 -4
 -92 10
 62 105
 -80 107
 -92 -78
 -71 -9
 -22 123
 -92 -74
 -104 83
 -78 -5
 32 -26
 -99 79
 -73 -9
 24 126
 -93 84
 -96 -79
 -68 108
 -64 -109
 -75 -55
 -55 -128
 -85 4
 45 -32
 13 127
 59 -30
 -42 117
 -113 67
 -82 0
 -72 107
 -37 -26
 -117 20
 -34 111
 -75 -64
 -48 -13
 -119 58
 -59 -107
 -84 89
 -116 66
 -61 -43
 -62 -125
 -75 -93
 -89 -74
 -94 5
 -73 -48
 -29 -20
 -78 -54
 -118 30
 -71 -10
 -38 -130
 -51 -127
 -25 -29
 35 -24
 -78 -94
 47 -32
 -41 -29
 -33 -25
 -65 -112
 -119 63
 10 127
 -7 -19
 25 124
 -37 -19
 -69 -35
 -36 116
 -91 -72
 -64 -8
 -30 -27
 -70 -63
 -123 43
 -107 54
 -92 9
 -109 12
 -94 7
 -108 50
 -37 -25
 -111 19
 -112 12
 -73 -7
 -29 -25
 -120 36
 -108 49
 -87 -83
 -29 117
 -91 7
 -100 77
 -61 -42
 2 126
 46 -36
 2 128
 -94 -60
 -74 -48
 -95 -78
 -54 -125
 -61 113
 -93 -84
 -89 -82
 -126 37
 -62 -42
 -74 -100
 -66 -106
 -106 49
 -117 16
 -92 -71
 -69 -111
 45 -31
 -110 40
 -53 119
 -39 -26
 -106 44
 2 -19
 -98 80
 -65 -42
 -118 64
 -88 -60
 -56 -32
 -127 39
 55 -29
 -92 -70
 -52 -30
 -100 -79
 -27 -26
 -109 27
 -26 -25
 -107 56
 -59 -109
 -87 89
 60 28
 -73 -55
 -31 -26
 -17 -21
 -100 82
 -30 -26
 -4 -20
 8 -20
 -10 126
 -71 -57
 -119 23
 -9 -115
 -76 -59
 -65 113
 -112 22
 -42 118
 -107 9
 -55 119
 -66 109
 -95 6
 -82 3
 -117 63
 -124 57
 44 120
 4 128
 -75 -110
 -50 -15
 -20 -25
 -54 -16
 -83 107
 -102 9
 15 127
 -77 -50
 -119 56
 -111 70
 -115 21
 -77 -60
 -124 41
 -52 -16
 -72 -6
 -38 -30
 -103 71
 -49 -32
 -81 9
 -53 -33
 -80 -3
 -56 -9
 31 124
 -89 -72
 -117 67
 -103 78
 12 -17
 -94 -89
 -106 74
 -48 -15
 -36 118
 -71 -11
 -117 66
 61 29
 -28 -20
 -42 -126
 -99 84
 -90 100
 -75 -6
 -90 -61
 39 -24
 -80 102
 37 -24
 -64 115
 -125 43
 -101 84
 -24 -21
 -67 -117
 -99 81
 -51 -16
 36 -24
 -71 -62
 -114 60
 -115 28
 -82 105
 -89 89
 -19 -23
 -68 107
 -64 -117
 -118 23
 -1 130
 -24 121
 -44 -27
 -52 -127
 -109 19
 -110 47
 57 -30
 -110 23
 -29 -27
 -110 27
 -17 -23
 -57 -12
 -27 119
 -105 51
 -80 -52
 -51 117
 -37 116
 -119 40
 -88 -61
 -9 -114
 -61 109
 -81 -53
 -41 -16
 -109 64
 -57 -14
 -73 -52
 -76 -52
 -69 -99
 -72 -100
 0 -120
 -94 -86
 -93 -89
 -83 106
 -91 -68
 -131 37
 -47 -14
 -115 59
 -126 41
 -125 23
 -94 -71
 -90 84
 -67 -125
 -102 -79
 -82 -1
 -60 117
 2 129
 -4 128
 -117 59
 -87 -82
 -74 -45
 -64 -35
 -77 -4
 -115 58
 -23 -127
 -85 95
 -37 -14
 -88 -59
 -111 10
 51 117
 -131 40
 -19 120
 -69 -7
 -117 24
 -13 -124
 -67 -39
 -66 -104
 -115 30
 46 119
 -87 97
 -79 -49
 -97 -78
 37 -25
 -93 -90
 80 43
 -73 -62
 -87 -61
 -57 -34
 -69 108
 -67 -47
 -78 -65
 -44 -15
 -40 -130
 -46 -17
 20 -16
 -28 116
 -63 -35
 -91 100
 -122 58
 -96 102
 -53 -34
 -52 -13
 -117 28
 -18 119
 -61 -34
 18 -16
 -96 82
 -121 33
 -110 51
 -93 -91
 -80 -53
 -44 -28
 -89 100
 -130 39
 -67 -61
 -48 -12
 -82 106
 -76 -64
 44 -29
 -48 -11
 -52 -15
 -120 23
 -87 98
 -28 -28
 -42 -28
 -35 -24
 14 -19
 -15 -21
 29 123
 -109 57
 -32 -121
 -42 -29
 -117 31
 -6 -124
 -38 -18
 -78 -59
 -80 -62
 56 -30
 -70 -7
 -47 118
 -77 -49
 -77 -53
 -81 -1
 -60 -44
 -114 30
 -77 96
 -68 -103
 -59 -124
 -34 118
 -93 10
 -76 -54
 -79 -56
 -103 83
 -63 -108
 -46 -30
 -57 -124
 41 -25
 -32 -22
 -72 -66
 -13 123
 -71 -112
 -56 -33
 -63 114
 -93 -73
 -19 -22
 -116 18
 49 -30
 32 -25
 -121 30
 -112 61
 -52 -36
 13 -17
 -16 123
 52 -28
 -44 -25
 -90 89
 -127 34
 -87 94
 27 -23
 -56 112
 -33 -24
 -88 86
 -107 68
 -114 31
 -87 100
 -47 -30
 -53 -126
 -105 22
 -82 92
 14 127
 -22 -127
 -46 -18
 -90 -91
 -92 101
 -45 -31
 -104 78
 -44 -18
 -102 -80
 1 -20
 -71 -47
 -44 -16
 -34 -17
 -79 -50
 -80 99
 -42 -127
 -110 74
 -112 21
 -85 96
 49 -28
 -20 125
 -10 -125
 -73 -6
 -118 24
 -6 128
 -106 43
 -69 -98
 -131 39
 -77 108
 -55 -33
 -124 39
 -126 34
 -102 54
 -76 -55
 -24 -20
 -115 22
 -112 18
 -19 123
 16 -17
 -85 1
 -92 6
 -14 -22
 -77 -63
 -64 -40
 -114 27
 -110 16
 -64 -118
 59 -28
 78 41
 -93 -86
 27 -21
 -75 -53
 -12 -20
 47 118
 -41 -127
 -22 -21
 -38 -26
 -88 -92
 -65 -113
 -41 -125
 -83 105
 -22 -25
 -79 -4
 -4 127
 -87 -81
 -82 -91
 -103 74
 -73 107
 -64 108
 -69 -112
 -74 107
 30 -22
 -33 -21
 -98 -78
 -41 -15
 -88 102
 -63 -39
 28 124
 -50 -126
 -39 -31
 -106 54
 -96 -69
 79 43
 72 36
 -62 -108
 -88 -64
 -65 -35
 -73 -64
 -70 -65
 -96 -88
 -66 -47
 -105 9
 -105 44
 -61 -45
 -95 -70
 -91 -59
 -71 -50
 -79 -5
 -114 21
 -23 121
 -89 8
 48 119
 -78 -1
 13 -22
 -91 98
 -90 97
 -118 20
 -68 -34
 64 97
 -86 -63
 -52 -17
 -120 67
 -116 17
 -119 11
 15 -16
 -68 -125
 -93 -78
 17 -16
 11 128
 -59 103
 -105 54
 -123 42
 -77 -64
 -65 -109
 -104 63
 31 123
 0 130
 -37 117
 -75 109
 -58 118
 -40 -25
 -60 -11
 -89 101
 -78 -53
 -26 116
 -16 -25
 42 -30
 -88 87
 -63 -110
 -108 56
 -45 -128
 -42 -20
 -68 110
 -49 -128
 -58 -124
 -18 -24
 -98 38
 -35 112
 26 125
 -103 76
 -88 6
 -104 82
 -92 -82
 71 37
 25 123
 -137 38
 -105 12
 -30 -23
 -132 39
 -67 105
 -25 -127
 -94 101
 -77 -51
 -68 109
 -108 67
 -63 -126
 -111 31
 39 -25
 -12 -121
 -48 -16
 -2 -121
 -18 121
 -121 56
 -114 70
 24 124
 10 -18
 -105 11
 -83 -88
 -74 -56
 -89 102
 -103 53
 -91 -73
 -119 41
 51 118
 -104 73
 -125 39
 -108 40
 -90 -72
 -64 111
 -82 -61
 -39 -14
 -70 106
 -61 -39
 -87 -94
 -72 -65
 -73 -53
 -93 100
 -72 106
 -54 -126
 -65 -110
 -121 29
 -78 -56
 24 123
 -128 39
 -94 82
 -89 87
 -52 119
 -116 60
 55 -28
 -117 13
 -111 26
 -67 -38
 -66 -10
 -98 -79
 -113 47
 -76 -47
 -20 124
 -67 -113
 -17 118
 -108 66
 -90 98
 -61 -109
 11 -19
 -83 -62
 -81 106
 -51 -12
 -42 119
 -122 32
 -81 -59
 -35 -121
 -104 56
 -97 7
 -74 -93
 -67 -34
 -130 38
 -79 -47
 -42 -25
 65 101
 -115 12
 -100 57
 -122 57
 -117 30
 -118 34
 -85 -95
 -33 111
 -104 -78
 -74 -62
 -124 33
 -121 31
 -95 9
 -53 118
 47 -31
 -118 21
 -116 24
 -72 -92
 -57 114
 -40 -18
 -88 101
 14 -16
 14 -17
 -17 120
 -100 81
 12 127
 -118 29
 -97 9
 -105 -78
 -84 92
 -98 82
 -75 -92
 -100 -78
 -51 -126
 -94 78
 -59 -42
 -132 40
 56 31
 -121 57
 -63 -105
 -105 75
 -116 59
 -108 59
 -92 -83
 -94 9
 -114 63
 35 -22
 -70 -111
 -48 -128
 -70 -47
 -90 -74
 -126 32
 44 119
 -103 22
 -65 -34
 -47 -17
 -83 0
 -52 -34
 -64 106
 -124 32
 -56 116
 -100 79
 -120 24
 -67 -111
 -81 -95
 -102 76
 49 -31
 -94 81
 19 -17
 -55 116
 -103 -78
 -8 -22
 -43 -26
 -46 -128
 -88 5
 -58 -109
 -76 -45
 -77 -58
 -63 113
 -11 -16
 -85 -61
 -102 25
 -75 -58
 -104 -80
 -117 22
