 60 -2
 62 -50
 -35 -13
 31 -43
 -36 -9
 -37 -19
 38 -68
 -33 -30
 52 -20
 9 -76
 -34 -12
 56 -36
 29 -72
 29 -66
 -9 -60
 23 -69
 -25 -49
 21 -67
 -25 -48
 15 -76
 37 -64
 15 -79
 -38 -22
 72 -34
 -15 -53
 -26 -48
 50 -42
 36 -65
 -27 -45
 59 -2
 12 -72
 21 -66
 -10 -60
 40 -69
 28 -72
 28 -74
 15 -77
 26 -68
 -12 -63
 -23 -44
 67 -45
 15 -80
 68 -46
 -35 -14
 30 -72
 49 -39
 16 -74
 59 -1
 31 -62
 -24 -47
 24 -72
 30 -73
 -37 -22
 -1 -62
 37 -68
 26 -71
 -27 -44
 -23 -43
 70 -33
 64 -52
 26 -72
 8 -77
 30 -67
 24 -71
 66 -46
 60 -46
 65 -42
 70 -38
 23 -73
 28 -63
 46 -42
 2 -62
 -36 -26
 0 -67
 66 -44
 37 -65
 45 -40
 30 -75
 8 -76
 66 5
 -16 -53
 66 -49
 47 -43
 45 -68
 66 6
 -32 -30
 -26 -39
 16 -77
 -12 -46
 -10 -58
 -35 -19
 23 -68
 66 2
 29 -70
 -36 -22
 -26 -41
 71 -36
 -1 -63
 68 -47
 62 0
 -12 -47
 27 -74
 -22 -48
 36 -69
 1 -64
 8 -78
 30 -44
 6 -79
 29 -62
 -15 -52
 38 -69
 -25 -41
 66 -36
 -10 -59
 60 -1
 -4 -45
 45 -66
 -36 -13
 64 -48
 41 -70
 26 -55
 -36 -17
 11 -78
 9 -75
 67 2
 66 -37
 48 -41
 27 -76
 24 -67
 -16 -49
 0 -62
 23 -70
 49 -40
 44 -68
 -3 -42
 70 -37
 72 -35
 59 -4
 -21 -50
 -35 -23
 20 -65
 30 -63
 65 -48
 19 -64
 -12 -64
 -36 -20
 48 -39
 -13 -54
 71 -32
 -32 -31
 49 -38
 -19 -49
 -11 -47
 36 -66
 72 -36
 67 5
 -27 -42
 -9 -59
 71 -39
 -2 -59
 30 -68
 -14 -52
 65 6
 55 -33
 46 -69
 42 -59
 -37 -24
 49 -21
 30 -74
 -23 -47
 44 -64
 11 -77
 41 -71
 35 -68
 -12 -53
 -34 -14
 41 -60
 25 -64
 36 -68
 70 -36
 46 -41
 71 -37
 -11 -48
 -12 -54
 65 -45
 -14 -45
 52 -43
 -35 -20
 9 -74
 47 -42
 38 -70
 37 -69
 28 -75
 63 3
 66 3
 -1 -65
 31 -61
 26 -70
 59 -5
 -37 -11
 70 -39
 -22 -47
 40 -70
 71 -34
 41 -69
 -11 -59
 44 -69
 63 2
 44 -39
 0 -66
 27 -75
 0 -64
 23 -66
 47 -45
 -35 -12
 -10 -55
 -36 -24
 24 -64
 30 -64
 29 -65
 26 -56
 -14 -54
 61 -53
 71 -33
 -11 -62
 -22 -46
 -36 -25
 23 -67
 60 0
 -15 -51
 -2 -58
 -9 -41
 -14 -46
 29 -64
 31 -69
 -37 -21
 -25 -44
 -13 -48
 64 -49
 47 -44
 -14 -51
 45 -65
 48 -44
 -20 -50
 -13 -53
 10 -77
 26 -57
 21 -68
 -37 -26
 -20 -49
 25 -56
 30 -61
 28 -62
 70 -32
 61 -49
 66 4
 -22 -49
 20 -66
 -9 -55
 -34 -13
 60 -4
 59 -48
 63 -52
 -2 -60
 -27 -41
 27 -73
 0 -65
 59 -45
 -35 -21
 17 -74
 -16 -52
 31 -68
 -12 -62
 59 -3
 66 -48
 10 -76
 29 -67
 -31 -14
 52 -44
 -13 -45
 -37 -12
 -36 -14
 15 -78
 48 -42
 25 -65
 35 -69
 -36 -23
 -11 -61
 26 -75
 48 -40
 0 -63
 22 -67
 -18 -43
 -12 -60
 -26 -43
 -32 -13
 -36 -21
 -24 -48
 23 -71
 30 -62
 13 -72
 -32 -32
 27 -72
 -12 -59
 29 -74
 24 -70
 29 -68
 26 -69
 24 -69
 -24 -43
 59 -47
 27 -71
 -37 -10
 -25 -42
 66 -45
 42 -60
 59 -46
 -31 -13
 -38 -23
 28 -69
 45 -67
 46 -68
 67 1
 38 -65
 7 -78
 30 -43
 -14 -53
 24 -73
 9 -77
 42 -68
 25 -58
 51 -20
 6 -80
 61 -52
 65 5
 60 -45
 7 -79
 45 -64
 31 -67
 19 -63
 45 -39
 -26 -44
 24 -63
 44 -40
 24 -65
 25 -57
 24 -68
 63 -51
 2 -63
 64 -50
 42 -69
 24 -55
 -31 -32
 -26 -42
 3 -56
 71 -38
 -13 -47
 29 -73
 71 -35
 66 -47
 64 -53
 -12 -61
 -37 -20
 26 -74
 -25 -43
 -37 -25
 29 -69
 -26 -38
 -18 -51
 8 -75
 -12 -48
 29 -71
 -35 -15
 -37 -23
 -31 -31
 -33 -31
 62 -52
 20 -63
 10 -75
 20 -64
 66 -43
 -36 -15
 67 -46
 65 -49
 58 -2
 25 -55
 52 -21
 -26 -40
 21 -65
 64 -47
 -26 -49
 35 -43
