 7 -58
 -11 -25
 -19 -8
 -3 -29
 -19 -16
 57 -21
 40 -44
 -11 8
 -18 8
 41 -40
 -1 -30
 39 -45
 -10 10
 -17 -11
 -6 21
 -10 -23
 20 -42
 11 -55
 -19 -15
 -16 10
 -21 -2
 12 -46
 39 -44
 23 -49
 -7 23
 6 -50
 14 -44
 8 -55
 14 -54
 -18 -21
 19 -41
 -22 -1
 -8 -27
 0 -19
 -21 -3
 -5 25
 7 -47
 11 -57
 -18 -20
 12 -51
 -6 16
 -19 -9
 -17 -23
 -6 13
 -23 -4
 20 -41
 7 -54
 -21 4
 13 -53
 -21 2
 -2 -20
 -2 -26
 5 -47
 -1 -32
 -21 0
 57 -20
 -3 -27
 14 -52
 -10 -28
 27 -47
 5 -51
 55 7
 -11 -26
 -2 -28
 5 -49
 -6 15
 7 -52
 -10 9
 56 -26
 -7 18
 -16 -22
 -16 -6
 -12 -21
 -19 -20
 -2 -29
 -10 -27
 -13 12
 -14 -18
 -14 -17
 -18 -6
 0 -28
 38 -45
 -7 19
 26 -47
 1 -41
 55 -25
 55 -21
 5 -48
 7 -51
 -18 -23
 -18 -5
 -21 -8
 57 -18
 12 -58
 -22 -8
 23 -47
 12 -55
 24 -49
 57 -5
 55 -23
 41 -46
 -21 -6
 -5 -30
 -21 -5
 42 -41
 -2 -31
 13 -47
 -13 -22
 -19 -21
 -22 0
 12 -56
 -18 -15
 56 -25
 11 -58
 54 7
 -4 -28
 -11 10
 8 -57
 -2 -39
 15 -52
 1 -38
 -11 -21
 -21 -10
 12 -53
 12 -52
 -11 -23
 14 -53
 -21 -4
 21 -42
 41 -44
 -1 -28
 -6 -25
 -20 -19
 -19 5
 -17 -22
 24 -50
 8 -56
 -7 13
 -16 -5
 14 -50
 4 -52
 54 8
 -1 -42
 -22 -5
 56 -14
 -21 3
 -22 -2
 -15 -7
 -7 20
 -22 -7
 -20 -15
 -6 -21
 14 -49
 56 -27
 14 -42
 -6 -26
 14 -43
 -24 -2
 50 7
 13 -52
 -19 -13
 0 -39
 20 -46
 7 -59
 0 15
 13 -50
 -22 -3
 -7 21
 -1 -40
 58 -17
 15 -49
 58 -18
 15 -54
 -18 5
 55 -19
 54 9
 -18 -14
 -8 22
 -5 13
 6 -52
 23 -50
 -13 -20
 -3 11
 -20 -6
 7 -53
 58 -21
 23 -48
 -6 14
 5 -53
 -21 -9
 -2 -27
 57 -1
 0 -22
 6 -49
 -7 22
 -4 -29
 41 -47
 -11 9
 20 -45
 56 -1
 -20 -13
 -20 -3
 56 -2
 20 -40
 7 -57
 -7 15
 -20 -16
 -5 -29
 -19 -6
 -20 -14
 -15 -6
 53 7
 12 -57
 56 -22
 -3 -28
 -16 -4
 -1 -29
 53 9
 55 -14
 -11 -27
 51 7
 -23 -2
 -22 -4
 56 -23
 55 -20
 21 -43
 5 -52
 52 9
 -23 -3
 -17 -7
 -10 -24
 7 -56
 -18 7
 39 -46
 41 -45
 3 -42
 -19 -7
 0 -31
 -19 -12
 -20 2
 -21 -7
 -1 -20
 27 -48
 56 -4
 -1 -22
 -7 14
 57 -4
 19 -45
 57 -19
 -17 -5
 58 -20
 -2 -40
 -10 -25
 15 -50
 13 -43
 55 -22
 10 -55
 -20 -7
 53 -3
 5 -50
 20 -43
 -21 -1
 -2 -32
 -7 17
 56 -24
 56 -3
 15 -53
 6 -54
 -8 23
 -20 -21
 53 8
 6 -53
 -9 -26
 14 -55
 8 -54
 -17 -6
 -18 -7
 0 -20
 -12 8
 42 -40
 -3 12
 -17 -8
 -13 -23
 -1 -39
 38 -46
 21 -44
 -1 -31
 -13 -21
 -16 9
 57 -3
 10 -54
 -6 22
 -16 -7
 0 14
 -20 -5
 -20 -8
 -1 -19
 -20 -4
 -10 -26
 -1 -41
 -20 -20
