 59 -79
 -4 -86
 -32 -75
 -41 -55
 49 -89
 -50 -24
 34 -98
 25 -96
 12 -98
 56 -77
 6 -101
 51 -83
 73 -59
 -36 -67
 22 -101
 -44 -32
 20 -97
 -47 -33
 19 -99
 15 -98
 18 -99
 -3 -104
 24 -93
 34 -103
 -47 -43
 2 -106
 52 -84
 47 -56
 27 -96
 48 -82
 -47 -29
 -2 -100
 -33 -78
 12 -99
 -33 -75
 16 -99
 49 -87
 -30 -79
 -35 -64
 -33 -79
 44 -60
 -44 -46
 19 -95
 1 -107
 -4 -100
 23 -104
 45 -88
 53 -85
 -44 -31
 0 -107
 18 -98
 48 -68
 -7 -89
 58 -78
 68 -61
 -32 -80
 -32 -79
 -47 -42
 -6 -98
 -5 -86
 -45 -33
 -44 -47
 -34 -79
 0 -106
 -30 -80
 -40 -56
 24 -100
 -48 -26
 78 -55
 31 -102
 23 -101
 57 -78
 -21 -79
 70 -58
 35 -96
 20 -94
 48 -84
 60 -80
 18 -76
 -35 -70
 25 -102
 -37 -68
 19 -101
 59 -80
 68 -60
 13 -98
 -49 -39
 18 -96
 45 -62
 46 -87
 13 -100
 16 -102
 -42 -29
 27 -102
 15 -99
 57 -82
 48 -86
 14 -99
 48 -60
 -8 -79
 -35 -67
 20 -99
 -34 -57
 49 -66
 -43 -31
 47 -82
 -37 -67
 24 -98
 -33 -74
 28 -100
 -3 -105
 -34 -80
 -23 -76
 -36 -64
 47 -60
 -23 -78
 56 -69
 52 -83
 16 -98
 -42 -55
 -47 -31
 4 -98
 23 -103
 34 -101
 47 -84
 -31 -75
 25 -99
 46 -59
 14 -97
 78 -53
 -1 -105
 48 -85
 47 -77
 46 -61
 54 -82
 12 -97
 -29 -77
 67 -62
 75 -56
 -47 -30
 50 -88
 -21 -80
 -20 -78
 -36 -70
 24 -96
 25 -98
 51 -84
 73 -57
 -20 -76
 14 -101
 -45 -46
 48 -88
 20 -103
 2 -107
 33 -86
 30 -103
 35 -95
 72 -60
 33 -99
 57 -81
 18 -101
 -3 -103
 60 -78
 -39 -54
 -4 -101
 47 -85
 14 -98
 -43 -52
 2 -105
 14 -96
 13 -97
 -31 -76
 16 -101
 72 -62
 -33 -81
 -5 -85
 -50 -39
 22 -102
 -34 -73
 -44 -45
 19 -102
 32 -98
 -25 -73
 -48 -23
 53 -80
 -44 -29
 -9 -77
 -48 -40
 15 -100
 -47 -28
 25 -97
 51 -85
 -40 -49
 -32 -77
 51 -81
 20 -98
 -36 -65
 35 -98
 -36 -63
 -27 -75
 -7 -96
 -49 -41
 -43 -29
 45 -89
 35 -97
 -43 -32
 19 -100
 31 -104
 54 -77
 -47 -32
 -45 -32
 72 -61
 71 -66
 -33 -77
 25 -103
 53 -84
 58 -80
 58 -81
 -37 -62
 -32 -78
 50 -86
 48 -83
 21 -103
 22 -103
 53 -83
 -6 -85
 20 -96
 -50 -23
 -36 -62
 13 -99
 -7 -81
 49 -86
 16 -100
 14 -100
 58 -77
 6 -100
 -36 -68
 26 -96
 24 -97
 -23 -77
 78 -54
 -35 -62
 -48 -27
 -48 -25
 -29 -76
 50 -85
 -31 -77
 79 -39
 -35 -73
 27 -101
 48 -76
 71 -64
 -40 -57
 -47 -39
 18 -100
 31 -98
 47 -88
 60 -77
 17 -100
 73 -60
 15 -101
 48 -56
 57 -75
 20 -104
 51 -82
 -49 -40
 34 -99
 -20 -73
 28 -101
 76 -52
 58 -75
 49 -83
 -28 -70
 -34 -74
 48 -66
 49 -88
 -2 -103
 71 -63
 -48 -28
 51 -80
 -41 -25
 21 -76
 -34 -58
 -46 -32
 48 -80
 -36 -61
 -44 -30
 2 -108
 -32 -76
 52 -82
 -40 -25
 -6 -99
 58 -76
 -22 -78
 -48 -42
 -45 -45
 -36 -69
 0 -104
 33 -98
 19 -96
 68 -62
 47 -57
 50 -87
 53 -82
 31 -103
 39 -91
 -33 -76
 -27 -74
 47 -68
 -3 -100
 48 -81
 69 -65
 -48 -22
 45 -60
 34 -102
 -30 -76
 60 -79
 -48 -30
 -35 -63
 78 -39
 49 -79
 49 -56
 49 -78
 -2 -102
 -31 -79
 20 -106
 -49 -22
 -43 -30
 59 -77
 57 -70
 70 -66
 -49 -38
 50 -83
 48 -57
 -35 -59
 71 -62
 1 -106
 48 -67
 32 -99
 24 -101
 57 -76
 -31 -78
 34 -100
 48 -75
 12 -100
 -48 -29
 31 -87
 78 -52
 32 -100
 -47 -41
 -42 -50
 -7 -79
 52 -85
 53 -81
 69 -66
 -36 -71
 59 -76
 20 -95
 20 -102
 -2 -105
 58 -79
 -48 -38
 -45 -44
 67 -61
 -50 -40
 -1 -106
 -44 -44
 -40 -52
 39 -92
 59 -78
 57 -77
 39 -90
 -6 -80
 73 -58
 72 -59
 49 -85
 -2 -104
 16 -86
 46 -62
 35 -90
 3 -107
 23 -98
 71 -65
 -2 -107
 -39 -48
 32 -102
 47 -83
 21 -102
 -41 -54
 70 -65
 48 -87
 -49 -23
 -41 -49
 24 -102
 76 -53
 -47 -38
 -2 -106
 24 -103
 -7 -80
 -47 -40
 -8 -80
 77 -54
 -48 -39
 3 -106
 -3 -101
 54 -81
 46 -60
 -48 -24
 47 -87
 -33 -80
 -2 -101
 -6 -97
 -35 -66
 -43 -53
 -31 -74
 54 -78
 71 -58
 24 -99
 -36 -66
 20 -105
 49 -82
 50 -84
 45 -61
 48 -77
 46 -88
 -42 -28
 45 -59
