 15 24
 19 3
 13 6
 19 -1
 15 22
 13 7
 34 27
 27 10
 26 4
 20 0
 13 14
 13 15
 41 17
 29 9
 12 5
 39 23
 40 21
 13 11
 20 -4
 12 13
 41 19
 18 -2
 30 12
 16 6
 40 23
 27 6
 24 1
 38 23
 20 14
 17 10
 41 20
 35 15
 24 2
 19 1
 32 31
 16 9
 35 12
 13 9
 26 3
 18 -3
 33 10
 25 15
 16 8
 38 17
 12 14
 26 31
 34 26
 18 1
 15 25
 32 11
 30 11
 37 15
 25 4
 24 -1
 14 6
 14 12
 35 13
 10 14
 19 2
 36 11
 15 23
 32 10
 30 9
 36 12
 40 22
 14 5
 25 7
 27 5
 20 1
 28 8
 27 11
 31 11
 30 10
 39 21
 20 -3
 18 2
 40 20
 28 9
 18 3
 12 6
 13 21
 14 9
 16 24
 13 8
 25 30
 38 16
 36 15
 18 0
 11 13
 19 17
 41 18
 19 -3
 14 7
 19 -2
 23 3
 19 8
 13 13
 25 3
 37 16
 12 15
 13 10
 23 2
 19 0
 19 -4
 16 7
 29 10
 41 21
 35 14
 11 14
 19 14
 33 11
 24 3
 31 10
 18 18
 39 22
 24 0
