 34 -9
 32 35
 -2 -2
 40 -4
 46 -2
 30 -20
 36 -11
 41 -9
 17 -24
 9 20
 15 -24
 30 -22
 -1 -2
 11 -13
 34 -10
 45 -6
 19 -18
 -5 5
 42 0
 -2 -3
 16 -22
 39 -10
 15 -21
 -5 9
 4 -8
 45 -3
 41 -2
 10 -19
 -6 4
 6 14
 -7 6
 46 -3
 20 -15
 9 -22
 30 -19
 -6 3
 28 -19
 34 34
 46 -4
 -1 -3
 37 -7
 8 -20
 41 -8
 45 -4
 14 -21
 16 -24
 3 -7
 16 -25
 8 -21
 39 -8
 36 -12
 47 -1
 3 -8
 46 1
 31 -18
 35 -9
 -1 -6
 46 -5
 9 -19
 18 -24
 -5 4
 33 34
 41 0
 6 22
 41 -5
 -1 -1
 -7 1
 30 -21
 8 22
 42 -1
 32 -4
 41 -4
 8 21
 5 20
 31 -16
 16 -21
 28 -22
 38 -10
 -9 3
 14 -19
 19 -19
 37 -9
 6 -11
 5 -11
 41 -6
 -8 2
 4 20
 36 -17
 35 -11
 4 21
 33 33
 9 -21
 -7 3
 36 -13
 47 1
 38 -9
 -8 3
 41 -7
 40 -5
 34 -17
 38 -8
 46 -1
 34 -16
 14 -20
 45 -2
 14 -23
 -9 4
 13 -21
 33 35
 16 -23
 18 -20
 41 -3
 36 -9
 37 -8
 -7 5
 38 -7
 10 -22
 -8 4
 4 -9
 47 0
 10 -14
 18 -25
 33 32
 3 -6
 1 -5
 31 -19
 14 -24
 12 -14
 -2 -7
 -5 6
 40 -8
 10 -18
 -7 7
 40 -7
 30 -18
 15 -18
 35 -10
 40 -6
 3 20
 1 -6
 18 -22
 45 -5
 29 -21
 11 -14
 -4 5
 10 -15
 47 -2
 39 -9
 -8 6
 15 -22
 35 -16
 5 -12
 -1 0
 10 -23
 15 -23
 17 -20
 29 -20
 -4 6
 9 19
 27 -19
 30 -23
 28 -21
 4 -6
 7 22
 28 -20
 29 -22
 5 21
 4 -7
 18 -19
 34 -11
 9 -20
 5 -13
 16 -20
 3 21
 36 -16
 36 -10
 0 0
 41 -1
 0 -1
 15 -19
 45 -1
 11 -15
 -7 2
 39 -11
 17 -23
 -7 4
 38 -6
 -8 1
 5 -6
 17 -21
 17 -22
 6 21
