 -25 -98
 -57 -65
 -56 -74
 89 -65
 2 -129
 89 -38
 -57 -52
 11 -130
 -19 -84
 10 -129
 16 -131
 -12 -128
 80 -75
 -56 -53
 58 -99
 -58 -63
 -42 -90
 88 -68
 84 -46
 15 -129
 75 -82
 -5 -123
 68 -87
 80 -32
 85 -37
 89 -70
 22 -118
 81 -49
 39 -118
 -15 -105
 -16 -106
 25 -123
 -10 -122
 70 -88
 58 -107
 34 -126
 41 -112
 -60 -48
 -14 -107
 88 -72
 -47 -79
 -47 -80
 37 -97
 73 -92
 57 -101
 7 -102
 68 -90
 60 -106
 72 -91
 8 -101
 -61 -58
 87 -40
 44 -110
 67 -86
 39 -119
 -58 -71
 -43 -71
 -60 -63
 -20 -101
 79 -33
 45 -113
 15 -131
 42 -114
 11 -131
 -47 -102
 75 -84
 79 -78
 8 -102
 25 -124
 56 -107
 -48 -80
 84 -69
 61 -103
 16 -123
 -57 -63
 -16 -102
 -10 -128
 77 -73
 -55 -61
 7 -112
 25 -120
 -2 -130
 65 -88
 68 -89
 81 -50
 26 -121
 -41 -90
 27 -121
 61 -106
 88 -70
 39 -106
 -14 -97
 -14 -99
 -57 -62
 45 -115
 87 -43
 -16 -103
 40 -117
 -57 -64
 -26 -106
 85 -35
 -41 -89
 40 -120
 62 -91
 -18 -95
 -46 -78
 -18 -96
 70 -90
 91 -41
 45 -112
 84 -33
 59 -72
 70 -91
 68 -88
 -26 -103
 -44 -106
 -24 -100
 -25 -99
 83 -33
 37 -125
 66 -92
 -16 -104
 4 -129
 44 -109
 41 -111
 37 -124
 34 -125
 -55 -60
 81 -51
 -60 -60
 62 -102
 -57 -69
 -10 -125
 -10 -129
 -10 -126
 45 -105
 -15 -99
 87 -67
 83 -59
 84 -71
 79 -34
 -56 -63
 -42 -107
 -63 -61
 -17 -93
 5 -127
 -56 -69
 11 -129
 -26 -99
 65 -91
 -21 -99
 62 -101
 -59 -64
 3 -126
 67 -91
 27 -122
 -2 -131
 20 -126
 28 -121
 58 -100
 53 -114
 -59 -61
 -47 -104
 -11 -128
 14 -131
 -23 -101
 44 -114
 -58 -68
 -7 -130
 81 -83
 -45 -106
 37 -106
 -3 -132
 71 -90
 -12 -123
 47 -114
 88 -67
 -42 -89
 -12 -103
 15 -130
 56 -108
 3 -122
 -60 -59
 -61 -40
 25 -126
 39 -120
 44 -117
 21 -125
 7 -129
 -8 -127
 15 -127
 81 -81
 40 -115
 18 -127
 60 -103
 76 -85
 -15 -103
 54 -108
 86 -50
 -44 -105
 -60 -61
 59 -101
 64 -89
 83 -44
 -15 -104
 83 -58
 10 -130
 -60 -39
 -22 -100
 -1 -130
 3 -125
 -16 -115
 88 -46
 -26 -105
 81 -79
 -56 -72
 -12 -105
 7 -124
 -59 -50
 60 -104
 -25 -97
 62 -100
 35 -125
 90 -40
 11 -104
 63 -94
 80 -74
 -60 -43
 58 -104
 16 -130
 83 -47
 -21 -101
 62 -89
 7 -128
 33 -128
 44 -112
 87 -39
 6 -125
 19 -125
 -13 -107
 -43 -107
 40 -121
 88 -45
 84 -45
 44 -111
 -42 -108
 -14 -108
 38 -121
 -59 -62
 2 -127
 64 -92
 71 -89
 63 -97
 58 -109
 14 -129
 -59 -47
 75 -81
 -12 -127
 18 -126
 87 -47
 -47 -103
 7 -116
 9 -126
 -60 -58
 -60 -42
 20 -124
 88 -44
 -46 -104
 -46 -102
 -27 -102
 24 -124
 16 -132
 -27 -107
 16 -128
 37 -107
 -25 -96
 43 -117
 -60 -40
 -7 -129
 59 -84
 -63 -60
 -46 -106
 27 -123
 7 -104
 -20 -102
 -4 -132
 65 -94
 63 -101
 -47 -75
 -57 -53
 -61 -49
 86 -46
 -59 -60
 58 -106
 -63 -30
 45 -118
 -47 -73
 3 -127
 24 -126
 0 -132
 -8 -128
 -46 -74
 -8 -130
 4 -125
 -16 -97
 24 -121
 39 -123
 2 -126
 -55 -75
 73 -91
 81 -74
 33 -123
 -18 -83
 67 -88
 -48 -79
 -16 -101
 4 -127
 85 -47
 64 -94
 59 -106
 68 -91
 -8 -131
 64 -88
 16 -127
 9 -120
 72 -89
 -12 -122
 81 -82
 43 -115
 -59 -71
 -55 -74
 72 -88
 54 -113
 81 -80
 -24 -99
 -20 -96
 -59 -65
 46 -105
 67 -87
 88 -43
 44 -119
 62 -90
 78 -34
 -59 -70
 45 -117
 -15 -97
 38 -125
 -61 -61
 3 -128
 58 -111
 -62 -60
 -27 -106
 38 -105
 -42 -106
 -21 -100
 40 -114
 43 -114
 -1 -132
 87 -49
 17 -128
 77 -44
 -56 -65
 61 -100
 4 -123
 -57 -70
 83 -45
 81 -48
 -17 -94
 -20 -103
 -48 -77
 89 -69
 41 -117
 -45 -105
 84 -70
 -17 -102
 67 -89
 84 -59
 11 -132
 40 -116
 -62 -39
 -57 -66
 -43 -101
 -60 -47
 9 -127
 80 -77
 -13 -105
 82 -74
 57 -100
 5 -125
 -13 -106
 84 -34
 61 -105
 90 -42
 17 -127
 -59 -69
 58 -108
 87 -38
 -48 -81
 68 -92
 64 -96
 27 -124
 -13 -128
 71 -91
 58 -101
 34 -128
 4 -124
 88 -38
 -44 -103
 6 -105
 87 -66
 34 -127
 24 -118
 65 -87
 -7 -127
 38 -124
 47 -113
 -43 -106
 63 -87
 77 -72
 -20 -95
 89 -42
 -59 -68
 38 -106
 6 -123
 -48 -76
 -15 -101
 60 -102
 19 -124
 -14 -98
 42 -116
 15 -132
 21 -126
 -58 -69
 41 -114
 65 -89
 -17 -96
 -16 -116
 58 -110
 -64 -30
 -23 -100
 64 -91
 -19 -100
 6 -124
 -46 -105
 -48 -78
 -57 -71
 -45 -103
 42 -115
 -4 -131
 64 -95
 -20 -100
 26 -123
 23 -125
 62 -97
 -25 -101
 35 -126
 -45 -102
 86 -47
 12 -104
 4 -126
 -6 -118
 89 -43
 -61 -60
 -58 -70
 83 -60
 -60 -46
 4 -128
 -47 -78
 63 -91
 -42 -69
 43 -116
 66 -89
 -60 -62
 -58 -64
 66 -87
 89 -68
 -60 -57
 -16 -105
 24 -125
 -7 -124
 80 -78
 59 -105
 76 -84
 39 -117
 85 -48
 -1 -131
 -59 -51
 -12 -126
 10 -131
 -11 -126
 -27 -104
 -17 -116
 23 -122
 -46 -103
 81 -73
 7 -103
 26 -122
 -45 -78
 78 -43
 23 -126
 87 -44
 63 -88
 69 -91
 -47 -81
 -13 -100
 45 -116
 -42 -105
 9 -102
 86 -48
 53 -113
 87 -46
 -64 -31
 -63 -35
 -60 -65
 10 -104
 -17 -104
 24 -119
 24 -122
 83 -46
 44 -115
 56 -106
 5 -124
 46 -117
 72 -90
 -15 -100
 39 -114
 -57 -72
 -6 -124
 -46 -77
 -43 -84
 -8 -132
 82 -73
 10 -103
 -61 -59
 -7 -123
 1 -132
 64 -98
 60 -72
 -17 -115
 -25 -102
 23 -123
 85 -36
 67 -90
 -8 -126
 -47 -76
 -17 -95
 66 -91
 -61 -50
 89 -39
 -61 -39
 20 -125
 44 -116
 64 -93
 -54 -60
 25 -125
 -44 -104
 85 -34
 84 -43
 -3 -131
 2 -125
 86 -49
 61 -104
 14 -132
 67 -85
 37 -126
 87 -45
 5 -126
 61 -77
 11 -103
 59 -102
 15 -128
 79 -32
 75 -83
 -60 -41
 79 -75
 65 -98
 63 -89
 60 -105
 -26 -104
 -1 -129
 -12 -104
 66 -88
 58 -102
 -12 -129
 72 -92
 -11 -127
 65 -93
 -14 -104
 66 -90
 44 -118
 1 -131
 65 -99
 88 -62
 16 -129
 25 -119
 65 -90
 10 -128
 45 -114
 41 -115
 -13 -127
 58 -105
 -56 -64
 26 -124
 -62 -40
 88 -63
 41 -116
 -3 -130
 -8 -129
 69 -90
 88 -69
 90 -41
 59 -107
 88 -71
 81 -78
 63 -102
 2 -128
