 -85 -14
 -94 49
 84 115
 -40 -50
 28 -76
 86 122
 46 -52
 -22 -73
 -63 -37
 -68 -22
 -85 -8
 122 83
 -84 -15
 106 -24
 -85 27
 38 128
 126 -8
 -86 9
 -4 132
 0 135
 -56 110
 131 -10
 -92 55
 106 107
 -12 127
 -96 47
 -87 26
 -40 -51
 -52 -41
 34 -69
 -37 -61
 139 30
 121 -16
 123 -16
 -92 37
 16 -79
 24 -80
 92 112
 -78 -22
 -63 -38
 -6 127
 -11 125
 -6 119
 -59 94
 -66 83
 -24 119
 -71 72
 0 -72
 -41 -51
 -18 -71
 43 -66
 51 -58
 115 89
 121 -15
 103 -39
 59 -50
 103 -40
 -85 16
 -68 -21
 55 -59
 -3 132
 38 131
 131 71
 105 106
 -42 -52
 -61 99
 139 4
 102 -29
 46 -58
 29 -75
 60 -56
 33 133
 -93 54
 138 3
 71 128
 65 -49
 85 115
 -47 114
 -40 -57
 103 108
 -61 -39
 46 124
 -45 -52
 -40 -66
 -91 57
 122 75
 -65 85
 -81 -18
 -78 33
 -62 -39
 106 -35
 105 -24
 -63 85
 99 -39
 27 138
 -75 35
 26 -78
 130 51
 21 -79
 62 -47
 -8 122
 19 -82
 -16 -74
 -60 -25
 -3 133
 132 47
 29 136
 144 19
 143 15
 -58 106
 27 -76
 -1 -72
 -88 61
 -58 -40
 47 -54
 -91 53
 138 2
 103 109
 134 4
 -88 18
 -63 91
 -83 16
 131 65
 40 128
 144 25
 -82 -14
 145 18
 83 126
 46 -57
 93 -43
 131 69
 105 -32
 19 142
 -53 -45
 92 114
 93 -47
 -69 -22
 -89 61
 -88 10
 60 -54
 85 116
 144 7
 29 -74
 -84 -8
 115 87
 18 -82
 128 6
 140 3
 -33 -71
 129 45
 -70 77
 92 113
 42 123
 134 2
 22 -79
 99 -46
 35 -68
 53 -59
 -47 -48
 101 -32
 62 -46
 -49 114
 -17 126
 -81 -20
 39 129
 132 68
 -70 -24
 43 -58
 43 -59
 58 127
 85 122
 106 105
 -60 -40
 61 -54
 -18 -74
 -42 -57
 -9 122
 -47 -52
 -95 43
 87 121
 -88 60
 -27 -74
 98 -39
 124 -16
 72 127
 -87 15
 28 138
 102 108
 136 0
 -38 -64
 141 42
 44 -63
 44 125
 19 143
 -23 120
 -48 114
 -48 109
 -91 55
 94 110
 130 44
 94 107
 -42 115
 138 8
 -17 -73
 -89 20
 -50 113
 -39 -65
 -71 -23
 98 110
 94 111
 1 -70
 -81 33
 -78 -23
 -27 123
 43 -63
 -75 8
 -86 -12
 64 -50
 107 107
 61 -56
 104 -34
 93 -46
 101 -29
 -57 106
 -57 109
 -86 26
 -70 71
 60 128
 -30 -71
 124 59
 44 -65
 61 -51
 -44 -51
 -3 130
 -14 126
 102 -39
 -73 33
 45 125
 -68 -23
 89 117
 139 29
 145 20
 72 125
 -74 35
 -12 126
 -17 -74
 -11 126
 140 20
 -77 -22
 -96 46
 -22 119
 124 -12
 61 -52
 104 -29
 -49 113
 134 3
 142 41
 134 5
 70 -48
 98 -46
 -89 59
 -4 -73
 69 -49
 144 22
 -54 -45
 124 -17
 -38 125
 -24 -76
 -95 48
 -69 70
 132 69
 -41 -58
 -65 -27
 -28 123
 -21 123
 -20 123
 -76 -24
 134 -3
 -80 33
 87 118
 94 -47
 -62 91
 109 -28
 -29 -73
 -84 27
 142 37
 53 -60
 83 114
 -59 98
 -66 -27
 54 -59
 52 -60
 -93 37
 -61 76
 -92 53
 110 -13
 -65 -26
 115 90
 -92 36
 -18 125
 86 116
 110 -28
 -41 -49
 -42 -51
 146 20
 -4 -72
 78 126
 44 -64
 -18 -73
 105 -23
 115 94
 -60 93
 -96 41
 134 1
 141 30
 101 -42
 82 126
 -93 39
 24 -81
 14 -78
 139 5
 -72 34
 -83 -8
 114 84
 -89 58
 -86 25
 130 47
 77 126
 20 -83
 -64 84
 71 127
 139 46
 99 -40
 -56 -41
 143 7
 62 -48
 -88 57
 139 47
 -96 45
 38 -69
 -53 -41
 -54 110
 -89 11
 -85 15
 144 15
 140 24
 14 -79
 28 -75
 102 -40
 20 142
 62 -52
 -82 28
 -74 8
 84 -47
 -46 -52
 44 -52
 94 -46
 -7 121
 -43 -52
 60 -58
 38 129
 -81 34
 -39 123
 144 28
 6 141
 -72 67
 -85 -13
 130 50
 -37 124
 87 117
 93 102
 -29 -74
 -52 -44
 91 114
 131 64
 131 48
 127 57
 -59 105
 62 -45
 71 -50
 91 -47
 141 44
 115 84
 -84 30
 104 -32
 -43 -56
 131 63
 39 130
 25 -81
 -88 9
 109 -27
 -69 -24
 -5 118
 86 119
 65 128
 -91 38
 142 31
 -21 122
 99 -45
 -60 105
 67 128
 141 31
 -72 -24
 -56 106
 18 143
 129 50
 43 -65
 -5 119
 136 46
 63 -47
 45 -59
 -51 -47
 -74 34
 74 124
 -60 94
 -38 -69
 -78 5
 -61 -40
 144 29
 -89 60
 8 142
 -81 -21
 -84 -16
 114 94
 87 119
 121 82
 -69 69
 -90 59
 134 -2
 -71 -24
 -38 123
 -91 52
 -82 33
 97 -46
 61 -55
 -75 -24
 -36 -70
 -92 51
 135 -1
 -16 125
 59 128
 99 110
 -55 98
 -85 26
 86 121
 -15 -73
 -54 109
 -73 -24
 112 94
 23 -80
 92 -47
 -13 -73
 0 136
 -38 -67
 70 -50
 -83 15
 27 -75
 105 -35
 129 62
 -96 44
 44 -62
 107 -36
 6 142
 144 26
 61 127
 -23 119
 -6 121
 56 -58
 32 136
 52 -59
 -61 98
 93 110
 -38 -62
 -71 73
 27 -74
 98 111
 34 -68
 43 125
 51 -59
 -58 109
 -89 57
 -58 105
 -91 51
 -90 37
 57 -58
 -66 84
 -87 -10
 104 -23
 136 47
 -90 52
 60 -57
 -39 -66
 124 58
 -41 -59
 140 45
 -89 52
 73 125
 32 135
 71 -49
 70 -49
 -71 77
 -86 14
 106 -36
 126 -9
 -60 -26
 105 109
 -66 -26
 42 124
 140 29
 98 -45
 -30 -72
 -86 61
 -87 9
 134 47
 59 -51
 -87 14
 53 120
 -83 28
 -90 57
 120 75
 -57 105
 -53 -42
 -72 -23
 41 -62
 -69 -25
 140 5
 126 73
 128 61
 29 138
 140 41
 132 -10
 121 59
 -95 44
 -60 98
 135 3
 -16 128
 135 1
 22 -81
 -83 59
 43 -62
 131 47
 66 129
 91 -43
 126 62
 42 -58
 -4 130
 -56 -40
 120 83
 -38 -61
 -85 -12
 66 128
 -76 -23
 143 41
 -17 125
 134 48
 64 -49
 -39 -63
 -64 85
 -93 38
 144 27
 -90 39
 -40 -49
 18 144
 89 116
 54 -60
 30 -75
 -88 21
 60 -50
 45 -63
 59 -54
 106 -34
 139 25
 58 -57
 -72 68
 143 9
 25 -80
 -29 -76
 90 -47
 59 -57
 -68 -24
 -23 -71
 -39 -64
 -62 -38
 102 -31
 -83 -7
 0 134
 100 -39
 -14 -73
 96 108
 -38 122
 125 74
 -91 37
 58 -48
 41 126
 -16 127
 104 108
 55 -58
 -24 120
 29 137
 -77 -23
 -73 35
 58 -58
 -29 -75
 -87 -9
 -89 56
 94 -48
 100 -44
 -20 125
 -87 20
 63 -48
 127 58
 92 110
 -56 -42
 125 60
 130 70
 35 -67
 -67 -22
 13 -78
 131 68
 -62 -36
 140 46
 -38 124
 -57 104
 93 111
 105 108
 -74 33
 141 43
 -7 126
 143 21
 -86 16
 138 4
 145 16
 0 -71
 31 135
 -87 61
 -96 42
 68 -48
 23 -79
 105 -34
 129 46
 126 58
 128 62
 -84 -14
 142 32
 -86 17
 -88 12
 121 83
 46 -54
 34 -70
 -90 58
 61 -44
 -39 -68
 121 75
 28 -74
 115 88
 -59 104
 -87 -12
 143 26
 10 141
 141 39
 91 -48
 -68 -20
 -47 -51
 94 108
 9 142
 -37 126
 -97 42
 51 -60
 144 21
 122 79
 65 -50
 -39 124
 105 107
 -95 49
 -73 34
 -69 -23
 -93 51
 -77 -24
 -37 125
 17 -79
 60 -51
 144 8
 102 109
 101 -39
 -86 -9
 46 -55
 -18 -72
 142 21
 109 -29
 45 -64
 -95 50
 33 134
 125 -9
 -97 45
 103 -30
 83 124
 129 51
 130 62
 -81 -5
 -38 -68
 -87 51
 143 29
 101 -38
 23 141
 141 41
 130 69
 19 -83
 84 -45
 58 -49
 -93 53
 142 39
 35 135
 1 139
 -20 124
 -83 60
 47 -58
 61 -53
 47 -57
 46 -59
 126 71
 145 15
 -86 -10
 -37 -67
 144 20
 97 109
 130 -10
 -52 -43
 49 120
 101 109
 -43 -55
 137 0
 -81 -19
 109 -13
 128 5
 -26 122
 37 133
 87 116
 100 -42
 -78 6
 17 142
 63 -49
 31 -74
 135 2
 -15 127
 121 60
 124 74
 -88 20
 56 -50
 83 -48
 21 -81
 126 57
 -30 -74
 -84 60
 131 70
 -87 16
 93 112
 126 -10
 140 4
 -38 -70
 97 108
 101 -28
 -60 104
 -39 122
 42 -66
 -87 25
 -48 -49
 65 127
 87 120
 45 -52
 124 75
 130 46
 43 122
 146 18
 -7 127
 -85 30
 143 40
 99 111
 125 58
 106 106
 -61 -35
 111 -12
