 -17 -4
 76 33
 -24 9
 -5 74
 6 77
 68 31
 1 77
 -12 74
 53 55
 -15 53
 -11 -23
 68 35
 16 -21
 66 0
 39 84
 72 55
 -24 53
 -19 -5
 2 -25
 -7 73
 -16 -2
 -5 75
 -18 -7
 65 57
 -15 -2
 -13 -20
 54 68
 79 21
 15 83
 66 58
 38 76
 -37 29
 6 78
 29 -8
 -36 20
 -4 72
 -11 70
 13 84
 -20 57
 -21 57
 57 58
 80 30
 68 32
 -24 8
 72 56
 56 58
 79 33
 17 -15
 1 75
 -37 27
 63 60
 23 -11
 -13 -21
 -23 54
 -36 27
 5 -20
 -36 28
 71 55
 -36 32
 12 -20
 18 -15
 13 83
 -32 44
 27 -7
 -19 -7
 39 81
 6 -22
 17 -14
 -10 -21
 -32 42
 5 -22
 1 76
 72 49
 -9 71
 0 76
 -16 56
 71 40
 -15 -18
 -22 56
 7 -21
 -25 52
 81 28
 -12 -21
 -21 56
 -14 72
 38 81
 -23 53
 65 59
 26 -9
 17 -21
 55 67
 56 53
 71 57
 -36 35
 14 82
 70 2
 -13 53
 73 54
 10 -22
 -36 19
 -17 57
 -4 -28
 -12 73
 69 33
 53 57
 -16 57
 71 33
 62 61
 66 59
 6 79
 -11 72
 -19 -12
 -10 70
 -3 72
 -37 26
 -32 45
 11 -21
 -32 16
 73 4
 -7 -25
 -3 -26
 -33 12
 79 35
 70 1
 -28 11
 -12 -23
 -8 -26
 5 79
 -31 47
 7 77
 -19 66
 54 55
 55 68
 -10 -24
 65 58
 77 34
 14 79
 -9 72
 70 45
 55 58
 11 -20
 -14 -20
 -32 39
 -18 67
 78 17
 -36 21
 -13 73
 -36 24
 1 -26
 26 -10
 81 27
 15 82
 -34 17
 -5 73
 -35 38
 -32 46
 27 -8
 -26 49
 -11 73
 -37 35
 -4 73
 54 57
 -17 68
 72 3
 -17 -9
 -3 -27
 -18 -9
 -13 72
 -22 55
 44 79
 72 41
 -18 59
 6 71
 72 43
 71 32
 54 67
 16 82
 -31 45
 -2 -26
 22 0
 54 56
 -3 73
 -4 -29
 -33 17
 14 80
 -16 54
 78 34
 55 59
 79 34
 6 80
 -29 49
 -19 -4
 -18 -8
 -17 58
 71 3
 18 -14
 80 26
 76 32
 55 69
 38 83
 -36 37
 82 23
 -14 53
 -1 -19
 -3 -28
 80 34
 76 13
 23 0
 -10 73
 77 33
 -20 -4
 -10 71
 -16 58
 54 59
 72 45
 -33 46
 -32 40
 -4 71
 18 -16
 67 31
 -15 54
 -6 -25
 1 -25
 -26 52
 -36 38
 71 56
 72 42
 -9 -25
 -5 -26
 -20 -18
 -9 -26
 39 83
 -4 -27
 -24 54
 80 31
 7 79
 -18 56
 25 -11
 -27 49
 54 60
 37 83
 5 78
 -17 -8
 -30 11
 28 -8
 80 33
 -20 -5
 -37 33
 -27 52
 -10 -20
 8 -21
 25 -8
 -11 -21
 -6 73
 -36 33
 11 82
 64 60
 -9 -24
 73 14
 63 58
 15 80
 -32 41
 -8 74
 69 32
 -32 17
 -33 42
 39 82
 14 83
 -14 -18
 -7 74
 24 -12
 -37 20
 -19 -13
 81 23
 -19 -6
 -20 -14
 -27 11
 -25 50
 -18 68
 -1 -20
 -1 74
 -9 69
 -32 13
 -36 25
 8 80
 72 50
 24 -11
 -35 37
 79 20
 80 25
 54 58
 -34 42
 56 60
 -33 44
 17 -20
 72 32
 67 30
