 -26 88
 100 33
 -25 88
 -51 39
 -45 -1
 0 96
 70 83
 89 -1
 98 40
 24 -38
 -49 9
 -33 71
 103 27
 -52 38
 16 -40
 -10 -41
 52 93
 -33 -14
 -21 90
 25 91
 89 43
 102 32
 8 93
 -45 -5
 91 6
 47 99
 12 102
 29 93
 28 -34
 31 95
 39 4
 -26 -25
 -14 88
 28 93
 -46 -4
 42 100
 97 15
 -3 87
 -35 -13
 78 -11
 -10 92
 26 -36
 14 -39
 93 52
 -51 38
 -32 75
 37 -21
 -6 92
 102 25
 90 46
 74 -10
 96 41
 24 -39
 18 -41
 18 -38
 40 -21
 -14 89
 -50 20
 83 -11
 -11 92
 -4 -38
 37 -23
 -46 36
 -4 -40
 21 99
 -7 94
 102 31
 -47 53
 29 94
 76 56
 97 10
 86 68
 8 95
 93 6
 35 -28
 8 -44
 101 20
 83 -10
 37 97
 -33 74
 68 85
 25 -36
 10 -44
 1 94
 74 68
 85 70
 71 76
 -26 86
 64 85
 92 5
 21 101
 31 96
 102 21
 18 -40
 87 69
 86 -4
 -43 -5
 86 5
 89 42
 0 95
 -18 -39
 41 4
 81 52
 99 25
 -14 91
 99 16
 19 -41
 95 11
 97 9
 15 101
 -50 40
 -47 2
 -5 88
 -29 -12
 11 101
 -25 85
 15 -40
 40 -19
 -10 -42
 -26 83
 -5 83
 87 42
 89 49
 -34 -14
 7 -41
 105 28
 39 97
 32 -30
 -45 55
 72 80
 17 -41
 -17 -38
 82 74
 -33 -16
 -28 -12
 74 81
 25 92
 101 22
 42 98
 92 52
 53 91
 26 91
 -21 -39
 52 91
 -41 -6
 101 19
 89 4
 61 86
 -51 41
 76 -12
 41 3
 96 15
 -7 93
 73 79
 90 53
 88 -2
 -46 -3
 -27 -8
 -48 37
 39 98
 66 84
 67 84
 20 76
 96 40
 2 94
 -38 49
 4 94
 46 -10
 90 4
 -44 56
 -34 -13
 36 -23
 -50 38
 96 8
 65 83
 -52 14
 72 71
 8 99
 -18 -38
 -51 40
 -32 72
 98 38
 45 100
 101 23
 42 4
 37 -22
 73 82
 40 99
 72 82
 -24 -37
 97 16
 -19 90
 38 97
 97 40
 -45 -4
 -26 -24
 -9 93
 -27 -26
 95 38
 88 42
 87 5
 -40 -6
 -10 93
 -37 49
 81 -12
 -26 -7
 -7 92
 -7 -42
 -10 94
 82 -11
 -28 -10
 -20 91
 91 51
 87 70
 -13 91
 -21 89
 15 -39
 -8 94
 72 79
 -25 -25
 90 48
 82 -12
 73 69
 -26 87
 -28 -8
 12 -43
 46 -7
 63 85
 -49 8
 101 17
 -46 35
 -40 -7
 -48 6
 -48 2
 28 94
 85 71
 15 100
 -39 -11
 27 93
 -46 -1
 20 99
 98 39
 -9 94
 93 8
 89 48
 81 73
 97 39
 -52 42
 -24 -5
 80 -14
 23 100
 81 74
 -34 67
 19 -40
 98 35
 -48 1
 70 79
 102 22
 46 100
 12 101
 72 83
 93 5
 -5 84
 -32 -14
 87 6
 59 85
 -34 68
 101 32
 32 -31
 43 99
 -11 91
 101 21
 72 72
 -22 -37
 83 74
 -2 -39
 -38 -10
 -39 47
 14 100
 -25 86
 100 19
 -44 49
 30 -33
 42 -16
 86 64
 96 42
 -2 92
 91 50
 77 -12
 41 -17
 27 -36
 -19 -39
 -3 92
 -13 88
 52 94
 25 -37
 23 -40
 -13 -36
 85 68
 41 -20
 -35 67
 87 -4
 48 99
 -35 -14
 -43 49
 87 -3
 -20 -39
 8 98
 -27 -25
 -35 71
 73 -10
 82 73
 53 93
 23 -38
 85 -2
 87 -5
 16 -41
 47 -9
 13 100
 81 -13
 99 18
 97 35
 -32 -15
 26 92
 35 -29
 71 83
 20 -40
 -48 8
 -51 15
 -33 -15
 -51 14
 100 32
 67 85
 -38 -11
 -38 48
 84 71
 -25 -8
 -48 0
 -27 -28
 82 54
 97 41
 -27 -27
 94 7
 44 100
 68 84
 -47 1
 52 95
 46 -6
 -17 90
 53 92
 42 99
 41 99
 14 -38
 49 90
 -33 72
 86 69
 10 -43
 67 86
 95 7
 -2 94
 73 73
 83 53
 -42 -5
 91 4
 -47 41
 -48 9
 48 100
 13 101
 40 -20
 -50 14
 25 93
 82 -10
 -37 -11
 73 -11
 91 49
 92 4
 39 -20
 -47 54
 79 -13
 103 25
 83 72
 -11 -40
 36 -24
 31 -30
 88 -1
 69 84
 -14 90
 78 -12
 66 83
 -13 -37
 102 29
 44 -9
 46 -9
 -42 -6
 24 98
 -8 -40
 1 95
 -8 84
 27 -35
 47 98
 28 -35
 -4 86
 21 100
 92 51
 70 76
 62 86
 -7 -41
 -33 73
 73 80
 87 55
 -3 -38
 5 93
 -52 43
 -47 52
 83 71
 49 99
 -2 93
 89 47
 24 91
 98 15
 -26 -30
 -11 93
 7 -43
 43 100
 -52 41
 74 -11
 -49 6
 89 46
 44 101
 71 82
 71 79
 89 44
 -6 93
 -47 51
 12 100
 14 101
 -47 10
 -27 -7
 75 -11
 100 17
 90 44
 23 -39
 98 34
 -20 90
 -21 88
 -50 11
 -45 -3
 97 21
 -6 84
 -26 -8
 -24 88
 -28 -9
 86 4
 73 81
 89 63
 84 72
 -40 47
 -46 10
 19 -39
 -41 -4
 -43 -4
 88 6
 -4 87
 100 18
 14 -40
 -27 -30
 38 -21
 104 28
