 5 17
 25 45
 43 37
 3 37
 22 46
 31 42
 38 40
 43 34
 3 34
 29 10
 39 40
 8 12
 41 21
 33 12
 7 24
 35 12
 20 44
 5 16
 6 23
 5 21
 20 45
 37 18
 42 27
 39 16
 8 41
 42 30
 41 26
 29 13
 25 46
 40 20
 4 18
 5 23
 11 19
 41 38
 10 12
 29 44
 28 10
 31 10
 41 20
 9 11
 21 47
 42 34
 36 11
 38 16
 36 12
 28 45
 39 30
 30 44
 19 44
 30 42
 36 13
 29 42
 4 33
 41 30
 42 29
 30 9
 4 31
 7 40
 8 40
 37 25
 6 24
 41 25
 3 36
 6 21
 33 8
 8 42
 23 47
 9 25
 40 30
 42 36
 39 17
 7 12
 3 35
 9 40
 31 43
 42 28
 22 48
 4 34
 41 29
 7 25
 29 12
 35 11
 40 19
 38 18
 41 27
 11 12
 33 9
 7 39
 8 16
 7 41
 10 11
 11 27
 41 33
 32 42
 7 13
 43 35
 39 39
 26 44
 43 28
 15 8
 6 12
 4 37
 12 19
 7 23
 14 9
 41 19
 4 17
 6 15
 3 33
 6 14
 28 8
 13 9
 22 47
 42 38
 28 13
 32 10
 29 45
 30 12
 40 31
 6 26
 30 10
 9 10
 9 24
