 61 -27
 -56 -21
 -63 54
 -68 -3
 -67 24
 -36 -41
 59 -30
 117 6
 -66 -10
 30 -50
 52 -18
 113 53
 59 -16
 -31 105
 48 -42
 -65 57
 60 -23
 29 -43
 59 -29
 -68 5
 58 -15
 21 119
 -62 -16
 12 -60
 70 -28
 92 -21
 100 77
 111 -7
 -68 54
 61 -22
 -57 -18
 -25 108
 -27 -48
 92 -24
 115 2
 18 -57
 17 -63
 102 -9
 74 -29
 123 16
 106 -7
 -48 89
 80 95
 57 -16
 -37 -42
 18 122
 4 113
 18 -60
 -47 82
 -66 56
 -68 16
 83 -28
 -67 15
 112 -5
 -27 -51
 22 118
 33 111
 118 41
 26 111
 -66 22
 95 91
 21 122
 -68 55
 47 -41
 56 -13
 -66 23
 68 107
 -52 63
 55 105
 46 -43
 116 7
 73 -30
 66 109
 70 103
 -65 -1
 121 22
 -64 0
 -67 16
 -3 107
 108 -8
 109 -5
 83 91
 62 -26
 104 -11
 15 122
 49 -17
 48 -16
 -68 17
 -46 89
 110 -6
 95 92
 -67 -2
 -73 5
 -49 74
 48 -39
 61 -24
 -21 108
 -38 96
 -25 -52
 -72 51
 111 54
 97 89
 -73 4
 108 55
 23 119
 119 41
 59 108
 73 101
 56 -15
 -4 107
 120 34
 -21 -57
 119 42
 -56 -18
 -52 37
 114 42
 -52 36
 -31 99
 99 -14
 33 110
 -32 102
 39 -41
 -54 36
 2 -59
 -25 -53
 -49 -27
 -22 -57
 -47 90
 107 64
 -65 -9
 54 104
 -39 -29
 108 68
 -68 1
 -23 -57
 93 -23
 -60 37
 28 -53
 54 -16
 -26 -48
 -45 91
 79 -30
 -65 56
 12 -55
 11 -57
 -39 97
 102 -14
 -36 -44
 47 -43
 74 -30
 -49 80
 65 106
 56 -14
 -59 38
 -73 45
 -64 1
 120 35
 11 -59
 115 3
 -40 92
 75 -30
 -65 35
 109 54
 24 111
 22 119
 26 112
 -38 87
 96 89
 123 34
 -52 66
 -63 -16
 -42 -30
 -40 77
 -62 55
 -62 28
 -21 109
 -58 58
 -17 -55
 120 39
 -66 34
 119 40
 110 65
 -66 -1
 61 -25
 122 22
 -73 46
 -72 3
 109 64
 128 31
 70 105
 29 -48
 93 -21
 97 -15
 103 77
 -56 -16
 44 -39
 60 -28
 -6 -53
 -37 -44
 15 -63
 -51 62
 66 107
 59 109
 97 -17
 -65 33
 -55 -21
 16 116
 100 78
 -28 -50
 108 62
 105 -10
 116 6
 73 -31
 44 -38
 85 -29
 -47 -29
 -41 94
 -16 -55
 95 -19
 106 70
 -12 -57
 -67 53
 -35 -45
 114 41
 -70 17
 128 24
 -26 -49
 -38 97
 104 73
 103 -10
 103 78
 127 31
 -65 2
 25 112
 -48 81
 -53 65
 -40 93
 -32 101
 73 102
 120 41
 -2 106
 101 84
 20 123
 108 69
 101 78
 106 -11
 -60 62
 103 -13
 13 -62
 38 -38
 38 -40
 74 102
 105 76
 65 107
 106 76
 13 123
 3 -56
 30 -46
 -5 107
 106 69
 2 -58
 50 -17
 3 114
 -59 63
 58 -29
 -11 -58
 -51 36
 6 -62
 -62 29
 112 -4
 83 -29
 79 97
 112 -3
 61 108
 16 122
 38 -39
 -64 28
 44 -40
 48 -40
 96 91
 -66 37
 -53 37
 -61 -16
 55 104
 127 24
 -5 -54
 27 112
 -67 18
 101 79
 19 122
 -8 -57
 32 109
 -44 92
 38 -41
 98 87
 56 -21
 58 -16
 111 -4
 30 -48
 -65 -2
 -39 94
 -44 93
 -66 35
 91 -24
 109 62
 -27 -50
 95 -18
 94 91
 105 -11
 25 110
 54 -21
 61 -23
 89 -20
 -67 14
 -41 -27
 126 23
 -51 63
 -65 28
 60 -29
 -67 23
 113 -3
 2 -56
 -72 4
 93 -20
 -40 94
 -33 98
 83 -30
 -63 29
 -29 -46
 34 110
 -26 108
 -68 15
 55 103
 -7 -56
 84 -29
 71 -31
 54 105
 -66 25
 -69 1
 84 -30
 30 -41
 31 111
 17 121
 -64 27
 -50 74
 -66 36
 82 -28
 57 -23
 -7 -57
 22 -59
 -63 -13
 72 102
 -61 -17
 104 -12
 67 108
 -23 -55
 -4 110
 -62 54
 6 -61
 108 -9
 109 -7
 47 -42
 19 -60
 -41 76
 99 87
 120 11
 -73 3
 -33 97
 37 -39
 -31 100
 -63 -15
 -55 -20
 -62 -17
 16 119
 111 55
 -2 107
 -42 -31
 -72 2
 30 -52
 98 -17
 11 -54
 -69 0
 107 74
 29 -50
 79 95
 120 10
 117 7
 -58 63
 105 73
 111 65
 -18 -56
 56 106
 30 -47
 26 -53
 -61 54
 -32 99
 110 67
 -48 79
 54 106
 112 53
 -60 -15
 -4 109
 53 -34
 82 90
 -48 -26
 -37 -41
 -36 -45
 -10 -57
 -61 63
 98 88
 16 123
 -65 36
 -67 55
 107 71
 -65 27
 50 -40
 -20 -56
 111 67
 115 41
 -11 -57
 29 -51
 55 -14
 -65 0
 118 4
 86 -29
 122 16
 62 -28
 -70 1
 -26 -51
 73 103
 -59 -18
 124 24
 -49 81
 -71 3
 -66 -2
 -27 -47
 -69 5
 56 107
 101 -14
 121 12
 -48 88
 20 122
 10 -55
 -63 0
 -64 35
 15 -61
 104 -9
 -49 75
 100 87
 83 90
 60 -26
 -69 18
 78 -30
 92 -23
 -59 59
 110 66
 55 107
 126 32
 79 98
 120 12
 61 -28
 -69 53
 26 -52
 81 -28
 -62 -15
 98 89
 -60 -18
 -44 91
 17 -61
 -2 105
 -41 92
 30 -40
 28 -52
 58 -24
 -31 -46
 11 -60
 54 -22
 -47 89
 75 -31
 -42 92
 54 -20
 17 122
 106 74
 -61 62
 -4 -54
 -32 -45
 17 120
 -45 -30
 -69 17
 113 50
 112 -6
 -48 82
 49 -40
 -40 -28
 57 106
 3 113
 -64 -1
 -30 -46
 107 54
 -60 -17
 -64 29
 69 -28
 16 120
 122 17
 11 -58
 111 -6
 -74 45
 -70 52
 70 106
 -53 36
 55 -34
 27 -44
 -60 59
 20 -58
 -63 37
 14 123
 49 -41
 118 5
 97 90
 -64 37
 -60 -16
 -34 98
 -57 59
 -65 34
 27 -53
 44 -41
 61 -26
 -56 -19
 46 -42
 31 112
 58 -23
 -39 -28
 -63 53
 109 63
 60 -27
 -48 -27
 53 105
 -3 106
 22 -58
 -66 33
 48 -41
 -71 51
 10 -59
 -26 -52
 108 54
 106 75
 105 -9
 111 -5
 17 -62
 32 112
 108 63
 63 -27
 120 36
 -68 0
 -67 -3
 -50 36
 -41 -29
 55 106
 7 -61
 62 108
 -60 38
 30 -42
 -22 108
 98 -16
 -41 77
 -68 18
 16 -62
 -36 -42
 93 -22
 -22 -56
 15 -62
 66 108
 -49 -28
 -20 -57
 33 109
 102 -13
 101 -15
 25 111
 71 -30
 -32 100
 95 -20
 -51 37
 62 -27
 -40 -29
 -4 106
 99 -15
 -26 -46
 -59 39
 -26 -50
 -68 -2
 75 -29
 11 -55
 90 -23
 27 -54
 54 -34
 29 -52
 -46 87
 -72 52
 40 -40
 -71 48
 121 35
 96 90
 -23 -56
