 35 60
 0 51
 -7 5
 -14 32
 55 25
 54 42
 58 13
 -14 44
 -8 4
 30 66
 56 23
 58 17
 0 54
 -18 39
 -15 25
 7 -7
 54 11
 18 52
 56 11
 1 52
 0 53
 32 65
 -15 31
 49 7
 -7 3
 60 29
 -19 21
 -16 25
 -14 17
 -11 47
 -13 17
 33 61
 53 11
 41 57
 23 67
 -17 35
 6 -7
 16 56
 18 60
 50 7
 29 65
 59 25
 -3 53
 -14 16
 -18 35
 38 56
 22 64
 -6 0
 -18 38
 -14 33
 41 56
 24 64
 58 12
 57 13
 -12 13
 54 48
 6 -6
 -4 0
 59 15
 -18 23
 16 54
 17 53
 60 26
 60 19
 -16 29
 56 12
 22 66
 -16 42
 -17 39
 17 54
 -15 33
 2 -5
 -2 -5
 34 59
 -14 27
 2 -4
 57 23
 59 13
 39 57
 -13 18
 17 62
 21 59
 41 58
 8 -7
 5 -4
 34 60
 -3 3
 -9 9
 40 53
 -19 38
 -1 3
 -13 15
 -6 52
 26 64
 48 9
 -6 1
 -15 29
 -14 26
 -11 10
 48 8
 -13 26
 -7 2
 -11 13
 16 53
 9 -6
 34 64
 -5 52
 9 -7
 -18 37
 41 53
 59 21
 -4 1
 18 63
 -16 24
 10 -5
 -13 16
 -15 26
 -18 21
 19 9
 -9 6
 -17 21
 1 51
 -12 47
 -18 36
 47 9
 -15 32
 -17 42
 50 8
 -6 53
 21 61
 61 27
 16 58
 -15 30
 -2 53
 4 -5
 34 61
 33 64
 47 11
 -17 23
 18 62
 60 15
 25 64
 51 8
 55 45
 24 66
 2 -6
 -1 -6
 16 57
 55 44
 -16 35
 -16 41
 -12 17
 -5 0
 -17 33
 59 14
 -14 45
 -11 11
 -9 7
 59 19
 -14 46
 49 8
 17 63
 -16 33
 -9 10
 -17 24
 62 29
 -1 4
 54 43
 17 58
 60 14
 19 10
 -10 9
 -19 37
 47 10
 52 50
 5 -5
 -12 12
 48 11
 -2 3
